,note,step,duration,channel,velocity
0,70.0,32,90,0.0,0.0
1,79.0,96,30,0.0,0.0
2,75.0,158,30,0.0,0.0
3,55.0,96,90,1.0,0.0
4,51.0,46,540,1.0,0.0
5,70.0,94,180,0.0,0.0
6,58.0,2,90,1.0,0.0
7,63.0,24,90,1.0,0.0
8,67.0,0,90,0.0,0.0
9,70.0,72,20,0.0,0.0
10,53.0,96,90,1.0,0.0
11,68.0,0,60,0.0,0.0
12,67.0,0,90,0.0,0.0
13,56.0,50,90,1.0,0.0
14,63.0,0,90,1.0,0.0
15,68.0,24,90,0.0,0.0
16,51.0,46,540,1.0,0.0
17,55.0,96,90,1.0,0.0
18,67.0,24,20,0.0,0.0
19,68.0,48,20,0.0,0.0
20,70.0,30,210,0.0,0.0
21,58.0,66,90,1.0,0.0
22,63.0,96,90,1.0,0.0
23,55.0,2,90,1.0,0.0
24,70.0,94,90,0.0,0.0
25,58.0,2,90,1.0,0.0
26,68.0,48,90,0.0,0.0
27,63.0,0,90,1.0,0.0
28,67.0,24,90,0.0,0.0
29,67.0,72,20,0.0,0.0
30,51.0,96,90,1.0,0.0
31,65.0,0,60,0.0,0.0
32,56.0,0,90,1.0,0.0
33,64.0,66,90,0.0,0.0
34,60.0,0,90,1.0,0.0
35,65.0,96,90,0.0,0.0
36,69.0,34,90,0.0,0.0
37,51.0,0,90,1.0,0.0
38,70.0,62,30,0.0,0.0
39,53.0,34,90,1.0,0.0
40,56.0,48,90,1.0,0.0
41,62.0,32,30,0.0,0.0
42,65.0,48,40,0.0,0.0
43,51.0,48,90,1.0,0.0
44,63.0,0,40,0.0,0.0
45,55.0,48,90,1.0,0.0
46,62.0,48,40,0.0,0.0
47,63.0,0,40,0.0,0.0
48,65.0,48,40,0.0,0.0
49,58.0,32,90,1.0,0.0
50,67.0,0,40,0.0,0.0
51,68.0,32,30,0.0,0.0
52,55.0,32,90,1.0,0.0
53,70.0,32,30,0.0,0.0
54,72.0,0,30,0.0,0.0
55,58.0,0,90,1.0,0.0
56,74.0,32,30,0.0,0.0
57,75.0,32,30,0.0,0.0
58,77.0,16,30,0.0,0.0
59,79.0,16,15,0.0,0.0
60,63.0,96,90,1.0,0.0
61,77.0,16,15,0.0,0.0
62,75.0,2,15,0.0,0.0
63,74.0,16,15,0.0,0.0
64,72.0,16,15,0.0,0.0
65,70.0,30,150,0.0,0.0
66,51.0,46,540,1.0,0.0
67,55.0,66,90,1.0,0.0
68,58.0,96,90,1.0,0.0
69,67.0,24,90,0.0,0.0
70,63.0,0,90,1.0,0.0
71,70.0,72,20,0.0,0.0
72,53.0,96,90,1.0,0.0
73,68.0,0,60,0.0,0.0
74,67.0,50,90,0.0,0.0
75,56.0,0,90,1.0,0.0
76,63.0,96,90,1.0,0.0
77,68.0,0,90,0.0,0.0
78,55.0,0,90,1.0,0.0
79,51.0,46,540,1.0,0.0
80,69.0,96,90,0.0,0.0
81,58.0,66,90,1.0,0.0
82,70.0,30,150,0.0,0.0
83,63.0,96,90,1.0,0.0
84,55.0,0,90,1.0,0.0
85,70.0,48,90,0.0,0.0
86,72.0,48,40,0.0,0.0
87,58.0,48,90,1.0,0.0
88,70.0,0,40,0.0,0.0
89,63.0,24,90,1.0,0.0
90,68.0,2,40,0.0,0.0
91,67.0,0,40,0.0,0.0
92,67.0,72,20,0.0,0.0
93,51.0,96,90,1.0,0.0
94,65.0,0,60,0.0,0.0
95,56.0,0,90,1.0,0.0
96,64.0,66,90,0.0,0.0
97,65.0,96,90,0.0,0.0
98,60.0,0,90,1.0,0.0
99,51.0,96,90,1.0,0.0
100,69.0,0,90,0.0,0.0
101,70.0,66,90,0.0,0.0
102,53.0,0,90,1.0,0.0
103,62.0,0,90,0.0,0.0
104,56.0,96,90,1.0,0.0
105,55.0,0,90,1.0,0.0
106,51.0,66,90,1.0,0.0
107,63.0,30,150,0.0,0.0
108,58.0,96,90,1.0,0.0
109,51.0,34,90,1.0,0.0
110,58.0,96,30,0.0,0.0
111,58.0,96,30,0.0,0.0
112,58.0,256,30,0.0,0.0
113,38.0,0,270,1.0,0.0
114,46.0,0,270,1.0,0.0
115,70.0,64,180,0.0,0.0
116,58.0,0,270,0.0,0.0
117,65.0,30,270,0.0,0.0
118,68.0,34,90,0.0,0.0
119,58.0,96,30,0.0,0.0
120,58.0,96,30,0.0,0.0
121,58.0,256,30,0.0,0.0
122,46.0,0,270,1.0,0.0
123,39.0,0,270,1.0,0.0
124,68.0,64,180,0.0,0.0
125,63.0,30,270,0.0,0.0
126,58.0,0,270,0.0,0.0
127,67.0,34,90,0.0,0.0
128,58.0,96,30,0.0,0.0
129,58.0,96,30,0.0,0.0
130,58.0,256,30,0.0,0.0
131,67.0,64,180,0.0,0.0
132,58.0,0,270,0.0,0.0
133,62.0,30,270,0.0,0.0
134,44.0,0,270,1.0,0.0
135,65.0,34,90,0.0,0.0
136,58.0,0,30,0.0,0.0
137,63.0,0,30,0.0,0.0
138,43.0,96,30,1.0,0.0
139,58.0,0,30,0.0,0.0
140,62.0,0,30,0.0,0.0
141,65.0,96,30,0.0,0.0
142,41.0,0,30,1.0,0.0
143,39.0,0,30,1.0,0.0
144,67.0,0,30,0.0,0.0
145,63.0,0,30,0.0,0.0
146,58.0,320,30,0.0,0.0
147,62.0,0,270,0.0,0.0
148,65.0,0,270,0.0,0.0
149,46.0,0,270,1.0,0.0
150,58.0,64,270,0.0,0.0
151,70.0,96,30,0.0,0.0
152,70.0,96,30,0.0,0.0
153,70.0,256,30,0.0,0.0
154,82.0,64,180,0.0,0.0
155,62.0,0,270,1.0,0.0
156,65.0,0,270,1.0,0.0
157,70.0,30,270,0.0,0.0
158,80.0,34,90,0.0,0.0
159,70.0,96,30,0.0,0.0
160,70.0,96,30,0.0,0.0
161,70.0,256,30,0.0,0.0
162,63.0,30,270,1.0,0.0
163,67.0,0,270,1.0,0.0
164,70.0,0,270,0.0,0.0
165,80.0,64,180,0.0,0.0
166,79.0,34,90,0.0,0.0
167,70.0,96,30,0.0,0.0
168,70.0,96,30,0.0,0.0
169,70.0,256,30,0.0,0.0
170,74.0,0,270,0.0,0.0
171,68.0,30,270,1.0,0.0
172,70.0,0,270,0.0,0.0
173,79.0,64,180,0.0,0.0
174,77.0,34,90,0.0,0.0
175,75.0,96,30,0.0,0.0
176,70.0,0,30,0.0,0.0
177,67.0,0,30,1.0,0.0
178,74.0,0,30,0.0,0.0
179,77.0,96,30,0.0,0.0
180,65.0,0,30,1.0,0.0
181,75.0,0,30,0.0,0.0
182,79.0,320,30,0.0,0.0
183,63.0,0,30,1.0,0.0
184,70.0,0,270,1.0,0.0
185,74.0,0,270,0.0,0.0
186,77.0,64,270,0.0,0.0
187,63.0,0,30,0.0,0.0
188,58.0,0,30,0.0,0.0
189,55.0,96,30,1.0,0.0
190,65.0,0,30,0.0,0.0
191,62.0,96,30,0.0,0.0
192,53.0,0,30,1.0,0.0
193,67.0,0,30,0.0,0.0
194,51.0,320,30,1.0,0.0
195,63.0,0,30,0.0,0.0
196,65.0,64,270,0.0,0.0
197,62.0,0,270,0.0,0.0
198,46.0,0,270,1.0,0.0
199,67.0,0,30,1.0,0.0
200,75.0,0,30,0.0,0.0
201,70.0,96,30,0.0,0.0
202,77.0,0,30,0.0,0.0
203,74.0,96,30,0.0,0.0
204,65.0,0,30,1.0,0.0
205,79.0,0,30,0.0,0.0
206,75.0,0,30,0.0,0.0
207,63.0,320,30,1.0,0.0
208,74.0,0,270,0.0,0.0
209,77.0,64,270,0.0,0.0
210,70.0,0,270,1.0,0.0
211,67.0,0,30,1.0,0.0
212,70.0,0,30,0.0,0.0
213,75.0,96,30,0.0,0.0
214,65.0,0,30,1.0,0.0
215,77.0,0,30,0.0,0.0
216,74.0,96,30,0.0,0.0
217,75.0,0,30,0.0,0.0
218,79.0,0,30,0.0,0.0
219,63.0,206,30,1.0,0.0
220,74.0,34,150,0.0,0.0
221,77.0,0,150,0.0,0.0
222,58.0,0,150,1.0,0.0
223,70.0,48,30,0.0,0.0
224,67.0,0,30,1.0,0.0
225,75.0,0,30,0.0,0.0
226,65.0,48,30,1.0,0.0
227,77.0,0,30,0.0,0.0
228,74.0,0,30,0.0,0.0
229,79.0,0,30,0.0,0.0
230,75.0,0,30,0.0,0.0
231,63.0,158,30,1.0,0.0
232,77.0,0,150,0.0,0.0
233,74.0,0,150,0.0,0.0
234,70.0,34,150,1.0,0.0
235,67.0,48,30,1.0,0.0
236,75.0,0,30,0.0,0.0
237,70.0,0,30,0.0,0.0
238,65.0,48,30,1.0,0.0
239,74.0,0,30,0.0,0.0
240,77.0,0,30,0.0,0.0
241,79.0,0,30,0.0,0.0
242,75.0,0,30,0.0,0.0
243,63.0,48,30,1.0,0.0
244,77.0,0,30,0.0,0.0
245,74.0,48,30,0.0,0.0
246,58.0,0,30,1.0,0.0
247,75.0,0,30,0.0,0.0
248,70.0,48,30,0.0,0.0
249,67.0,0,30,1.0,0.0
250,65.0,48,30,1.0,0.0
251,77.0,0,30,0.0,0.0
252,74.0,0,30,0.0,0.0
253,63.0,0,30,1.0,0.0
254,75.0,0,30,0.0,0.0
255,79.0,48,30,0.0,0.0
256,74.0,48,30,0.0,0.0
257,77.0,0,30,0.0,0.0
258,58.0,0,30,1.0,0.0
259,67.0,0,30,1.0,0.0
260,75.0,48,30,0.0,0.0
261,70.0,0,30,0.0,0.0
262,74.0,0,30,0.0,0.0
263,65.0,0,30,1.0,0.0
264,77.0,48,30,0.0,0.0
265,63.0,48,30,1.0,0.0
266,79.0,0,30,0.0,0.0
267,75.0,0,30,0.0,0.0
268,74.0,0,30,0.0,0.0
269,77.0,0,30,0.0,0.0
270,58.0,48,30,1.0,0.0
271,70.0,0,30,0.0,0.0
272,75.0,48,30,0.0,0.0
273,67.0,0,30,1.0,0.0
274,74.0,0,30,0.0,0.0
275,77.0,48,30,0.0,0.0
276,65.0,0,30,1.0,0.0
277,75.0,110,30,0.0,0.0
278,63.0,0,30,1.0,0.0
279,79.0,0,30,0.0,0.0
280,58.0,0,90,1.0,0.0
281,77.0,0,90,0.0,0.0
282,74.0,122,90,0.0,0.0
283,77.0,24,20,0.0,0.0
284,75.0,24,20,0.0,0.0
285,74.0,24,20,0.0,0.0
286,72.0,32,20,0.0,0.0
287,70.0,184,30,0.0,0.0
288,77.0,24,20,0.0,0.0
289,75.0,24,20,0.0,0.0
290,74.0,22,20,0.0,0.0
291,72.0,34,20,0.0,0.0
292,70.0,184,30,0.0,0.0
293,53.0,24,20,1.0,0.0
294,51.0,24,20,1.0,0.0
295,50.0,24,20,1.0,0.0
296,48.0,32,20,1.0,0.0
297,46.0,184,30,1.0,0.0
298,77.0,24,20,0.0,0.0
299,75.0,24,20,0.0,0.0
300,74.0,24,20,0.0,0.0
301,72.0,142,20,0.0,0.0
302,70.0,106,150,0.0,0.0
303,79.0,16,15,0.0,0.0
304,77.0,16,15,0.0,0.0
305,75.0,16,15,0.0,0.0
306,74.0,16,15,0.0,0.0
307,72.0,32,15,0.0,0.0
308,70.0,176,30,0.0,0.0
309,80.0,16,15,0.0,0.0
310,79.0,16,15,0.0,0.0
311,77.0,16,15,0.0,0.0
312,75.0,16,15,0.0,0.0
313,74.0,16,15,0.0,0.0
314,72.0,32,15,0.0,0.0
315,70.0,62,30,0.0,0.0
316,82.0,48,40,0.0,0.0
317,80.0,48,40,0.0,0.0
318,79.0,24,40,0.0,0.0
319,77.0,24,20,0.0,0.0
320,75.0,24,20,0.0,0.0
321,74.0,24,20,0.0,0.0
322,72.0,96,20,0.0,0.0
323,70.0,34,90,0.0,0.0
324,79.0,96,30,0.0,0.0
325,75.0,158,30,0.0,0.0
326,70.0,94,180,0.0,0.0
327,51.0,46,540,1.0,0.0
328,55.0,96,90,1.0,0.0
329,58.0,2,90,1.0,0.0
330,67.0,0,90,0.0,0.0
331,63.0,24,90,1.0,0.0
332,70.0,72,20,0.0,0.0
333,53.0,2,90,1.0,0.0
334,68.0,94,60,0.0,0.0
335,67.0,48,90,0.0,0.0
336,56.0,2,90,1.0,0.0
337,68.0,24,90,0.0,0.0
338,63.0,0,90,1.0,0.0
339,67.0,24,20,0.0,0.0
340,51.0,46,540,1.0,0.0
341,55.0,96,90,1.0,0.0
342,68.0,48,20,0.0,0.0
343,58.0,96,90,1.0,0.0
344,63.0,2,90,1.0,0.0
345,70.0,94,15,0.0,0.0
346,55.0,0,90,1.0,0.0
347,68.0,50,90,0.0,0.0
348,58.0,0,90,1.0,0.0
349,63.0,26,90,1.0,0.0
350,67.0,0,90,0.0,0.0
351,67.0,70,20,0.0,0.0
352,51.0,0,90,1.0,0.0
353,65.0,96,60,0.0,0.0
354,64.0,64,90,0.0,0.0
355,56.0,2,90,1.0,0.0
356,60.0,2,90,1.0,0.0
357,65.0,94,90,0.0,0.0
358,69.0,94,90,0.0,0.0
359,51.0,2,90,1.0,0.0
360,53.0,2,90,1.0,0.0
361,70.0,32,90,0.0,0.0
362,56.0,48,90,1.0,0.0
363,62.0,32,30,0.0,0.0
364,51.0,48,90,1.0,0.0
365,65.0,48,40,0.0,0.0
366,63.0,0,40,0.0,0.0
367,55.0,48,90,1.0,0.0
368,62.0,48,40,0.0,0.0
369,63.0,0,40,0.0,0.0
370,58.0,48,90,1.0,0.0
371,67.0,48,40,0.0,0.0
372,63.0,0,40,0.0,0.0
373,55.0,32,90,1.0,0.0
374,70.0,48,40,0.0,0.0
375,67.0,0,40,0.0,0.0
376,75.0,32,30,0.0,0.0
377,58.0,32,90,1.0,0.0
378,70.0,32,30,0.0,0.0
379,67.0,0,30,0.0,0.0
380,79.0,18,30,0.0,0.0
381,63.0,50,90,1.0,0.0
382,75.0,32,30,0.0,0.0
383,70.0,0,30,0.0,0.0
384,68.0,46,40,0.0,0.0
385,55.0,2,90,1.0,0.0
386,51.0,30,270,1.0,0.0
387,67.0,48,40,0.0,0.0
388,58.0,2,90,1.0,0.0
389,66.0,46,40,0.0,0.0
390,67.0,48,40,0.0,0.0
391,66.0,16,40,0.0,0.0
392,63.0,2,90,1.0,0.0
393,67.0,48,40,0.0,0.0
394,70.0,46,40,0.0,0.0
395,53.0,2,90,1.0,0.0
396,51.0,30,270,1.0,0.0
397,68.0,48,40,0.0,0.0
398,56.0,2,90,1.0,0.0
399,67.0,46,40,0.0,0.0
400,68.0,48,40,0.0,0.0
401,63.0,2,90,1.0,0.0
402,67.0,16,40,0.0,0.0
403,68.0,48,40,0.0,0.0
404,55.0,2,90,1.0,0.0
405,51.0,46,540,1.0,0.0
406,72.0,46,40,0.0,0.0
407,70.0,48,40,0.0,0.0
408,58.0,2,90,1.0,0.0
409,69.0,46,40,0.0,0.0
410,70.0,48,40,0.0,0.0
411,69.0,46,40,0.0,0.0
412,63.0,2,90,1.0,0.0
413,70.0,48,40,0.0,0.0
414,55.0,2,90,1.0,0.0
415,69.0,46,40,0.0,0.0
416,70.0,48,40,0.0,0.0
417,72.0,46,40,0.0,0.0
418,58.0,2,90,1.0,0.0
419,70.0,48,40,0.0,0.0
420,63.0,48,90,1.0,0.0
421,68.0,0,40,0.0,0.0
422,67.0,0,40,0.0,0.0
423,65.0,48,40,0.0,0.0
424,51.0,46,90,1.0,0.0
425,67.0,2,40,0.0,0.0
426,56.0,46,90,1.0,0.0
427,65.0,48,40,0.0,0.0
428,64.0,2,40,0.0,0.0
429,60.0,46,90,1.0,0.0
430,65.0,18,40,0.0,0.0
431,67.0,2,40,0.0,0.0
432,51.0,46,90,1.0,0.0
433,68.0,48,40,0.0,0.0
434,69.0,2,40,0.0,0.0
435,53.0,46,90,1.0,0.0
436,70.0,48,40,0.0,0.0
437,62.0,2,40,0.0,0.0
438,70.0,18,40,0.0,0.0
439,56.0,258,90,1.0,0.0
440,62.0,0,40,0.0,0.0
441,63.0,0,270,0.0,0.0
442,51.0,0,270,1.0,0.0
443,55.0,160,270,1.0,0.0
444,58.0,96,30,0.0,0.0
445,58.0,96,30,0.0,0.0
446,58.0,256,30,0.0,0.0
447,58.0,0,270,0.0,0.0
448,70.0,64,180,0.0,0.0
449,46.0,0,270,1.0,0.0
450,38.0,30,270,1.0,0.0
451,65.0,0,270,0.0,0.0
452,68.0,34,90,0.0,0.0
453,58.0,96,30,0.0,0.0
454,58.0,96,30,0.0,0.0
455,58.0,256,30,0.0,0.0
456,58.0,0,270,0.0,0.0
457,63.0,0,270,0.0,0.0
458,68.0,64,180,0.0,0.0
459,46.0,0,270,1.0,0.0
460,39.0,30,270,1.0,0.0
461,67.0,34,90,0.0,0.0
462,58.0,96,30,0.0,0.0
463,58.0,96,30,0.0,0.0
464,58.0,256,30,0.0,0.0
465,67.0,64,180,0.0,0.0
466,62.0,0,270,0.0,0.0
467,44.0,30,270,1.0,0.0
468,58.0,0,270,0.0,0.0
469,65.0,34,90,0.0,0.0
470,58.0,96,30,0.0,0.0
471,43.0,0,30,1.0,0.0
472,63.0,0,30,0.0,0.0
473,65.0,0,30,0.0,0.0
474,62.0,96,30,0.0,0.0
475,58.0,0,30,0.0,0.0
476,41.0,0,30,1.0,0.0
477,63.0,0,30,0.0,0.0
478,67.0,320,30,0.0,0.0
479,58.0,0,30,0.0,0.0
480,39.0,0,30,1.0,0.0
481,46.0,64,270,1.0,0.0
482,58.0,0,270,0.0,0.0
483,62.0,0,270,0.0,0.0
484,65.0,0,270,0.0,0.0
485,70.0,96,30,0.0,0.0
486,70.0,96,30,0.0,0.0
487,70.0,256,30,0.0,0.0
488,70.0,30,270,0.0,0.0
489,82.0,64,180,0.0,0.0
490,62.0,0,270,1.0,0.0
491,65.0,0,270,1.0,0.0
492,80.0,34,90,0.0,0.0
493,70.0,96,30,0.0,0.0
494,70.0,96,30,0.0,0.0
495,70.0,256,30,0.0,0.0
496,63.0,30,270,1.0,0.0
497,70.0,0,270,0.0,0.0
498,80.0,64,180,0.0,0.0
499,67.0,0,270,1.0,0.0
500,79.0,34,90,0.0,0.0
501,70.0,96,30,0.0,0.0
502,70.0,96,30,0.0,0.0
503,70.0,256,30,0.0,0.0
504,70.0,0,270,0.0,0.0
505,79.0,64,180,0.0,0.0
506,68.0,0,270,1.0,0.0
507,74.0,30,270,0.0,0.0
508,77.0,34,90,0.0,0.0
509,75.0,96,30,0.0,0.0
510,70.0,0,30,0.0,0.0
511,67.0,0,30,1.0,0.0
512,74.0,0,30,0.0,0.0
513,77.0,96,30,0.0,0.0
514,65.0,0,30,1.0,0.0
515,63.0,0,30,1.0,0.0
516,75.0,0,30,0.0,0.0
517,79.0,320,30,0.0,0.0
518,74.0,64,270,0.0,0.0
519,70.0,0,270,1.0,0.0
520,77.0,0,270,0.0,0.0
521,63.0,96,30,0.0,0.0
522,58.0,0,30,0.0,0.0
523,55.0,0,30,1.0,0.0
524,53.0,0,30,1.0,0.0
525,62.0,0,30,0.0,0.0
526,65.0,96,30,0.0,0.0
527,67.0,320,30,0.0,0.0
528,63.0,0,30,0.0,0.0
529,51.0,0,30,1.0,0.0
530,62.0,0,270,0.0,0.0
531,65.0,64,270,0.0,0.0
532,46.0,0,270,1.0,0.0
533,75.0,0,30,0.0,0.0
534,70.0,0,30,0.0,0.0
535,67.0,96,30,1.0,0.0
536,65.0,96,30,1.0,0.0
537,74.0,0,30,0.0,0.0
538,77.0,0,30,0.0,0.0
539,75.0,0,30,0.0,0.0
540,79.0,0,30,0.0,0.0
541,63.0,320,30,1.0,0.0
542,74.0,0,270,0.0,0.0
543,77.0,64,270,0.0,0.0
544,70.0,0,270,1.0,0.0
545,67.0,0,30,1.0,0.0
546,70.0,0,30,0.0,0.0
547,75.0,96,30,0.0,0.0
548,65.0,0,30,1.0,0.0
549,77.0,96,30,0.0,0.0
550,74.0,0,30,0.0,0.0
551,79.0,0,30,0.0,0.0
552,75.0,0,30,0.0,0.0
553,63.0,206,30,1.0,0.0
554,74.0,0,150,0.0,0.0
555,58.0,0,150,1.0,0.0
556,77.0,34,150,0.0,0.0
557,75.0,48,30,0.0,0.0
558,67.0,0,30,1.0,0.0
559,70.0,0,30,0.0,0.0
560,65.0,0,30,1.0,0.0
561,77.0,48,30,0.0,0.0
562,74.0,0,30,0.0,0.0
563,75.0,0,30,0.0,0.0
564,63.0,158,30,1.0,0.0
565,79.0,0,30,0.0,0.0
566,74.0,0,150,0.0,0.0
567,77.0,34,150,0.0,0.0
568,70.0,0,150,1.0,0.0
569,70.0,0,30,0.0,0.0
570,75.0,0,30,0.0,0.0
571,67.0,48,30,1.0,0.0
572,77.0,0,30,0.0,0.0
573,74.0,0,30,0.0,0.0
574,65.0,48,30,1.0,0.0
575,79.0,48,30,0.0,0.0
576,75.0,0,30,0.0,0.0
577,63.0,0,30,1.0,0.0
578,74.0,0,30,0.0,0.0
579,77.0,0,30,0.0,0.0
580,58.0,48,30,1.0,0.0
581,70.0,0,30,0.0,0.0
582,67.0,0,30,1.0,0.0
583,75.0,48,30,0.0,0.0
584,74.0,0,30,0.0,0.0
585,65.0,48,30,1.0,0.0
586,77.0,0,30,0.0,0.0
587,75.0,48,30,0.0,0.0
588,79.0,0,30,0.0,0.0
589,63.0,0,30,1.0,0.0
590,58.0,0,30,1.0,0.0
591,74.0,48,30,0.0,0.0
592,77.0,0,30,0.0,0.0
593,67.0,0,30,1.0,0.0
594,70.0,0,30,0.0,0.0
595,75.0,48,30,0.0,0.0
596,65.0,0,30,1.0,0.0
597,77.0,0,30,0.0,0.0
598,74.0,48,30,0.0,0.0
599,63.0,0,30,1.0,0.0
600,79.0,48,30,0.0,0.0
601,75.0,0,30,0.0,0.0
602,74.0,0,30,0.0,0.0
603,77.0,0,30,0.0,0.0
604,58.0,48,30,1.0,0.0
605,75.0,0,30,0.0,0.0
606,70.0,48,30,0.0,0.0
607,67.0,0,30,1.0,0.0
608,65.0,0,30,1.0,0.0
609,74.0,0,30,0.0,0.0
610,77.0,48,30,0.0,0.0
611,75.0,0,30,0.0,0.0
612,63.0,0,30,1.0,0.0
613,79.0,110,30,0.0,0.0
614,77.0,0,90,0.0,0.0
615,58.0,122,90,1.0,0.0
616,74.0,0,90,0.0,0.0
617,77.0,24,20,0.0,0.0
618,75.0,24,20,0.0,0.0
619,74.0,24,20,0.0,0.0
620,72.0,32,20,0.0,0.0
621,70.0,184,30,0.0,0.0
622,77.0,24,20,0.0,0.0
623,75.0,24,20,0.0,0.0
624,74.0,22,20,0.0,0.0
625,72.0,34,20,0.0,0.0
626,70.0,184,30,0.0,0.0
627,53.0,24,20,1.0,0.0
628,51.0,24,20,1.0,0.0
629,50.0,24,20,1.0,0.0
630,48.0,32,20,1.0,0.0
631,46.0,184,30,1.0,0.0
632,77.0,24,20,0.0,0.0
633,75.0,24,20,0.0,0.0
634,74.0,24,20,0.0,0.0
635,72.0,142,20,0.0,0.0
636,70.0,106,150,0.0,0.0
637,79.0,16,15,0.0,0.0
638,77.0,16,15,0.0,0.0
639,75.0,16,15,0.0,0.0
640,74.0,16,15,0.0,0.0
641,72.0,32,15,0.0,0.0
642,70.0,176,30,0.0,0.0
643,80.0,16,15,0.0,0.0
644,79.0,16,15,0.0,0.0
645,77.0,16,15,0.0,0.0
646,75.0,16,15,0.0,0.0
647,74.0,16,15,0.0,0.0
648,72.0,32,15,0.0,0.0
649,70.0,62,30,0.0,0.0
650,82.0,48,40,0.0,0.0
651,80.0,48,40,0.0,0.0
652,79.0,24,40,0.0,0.0
653,77.0,24,20,0.0,0.0
654,75.0,24,20,0.0,0.0
655,74.0,24,20,0.0,0.0
656,72.0,96,20,0.0,0.0
657,70.0,34,90,0.0,0.0
658,79.0,96,30,0.0,0.0
659,75.0,158,30,0.0,0.0
660,70.0,94,180,0.0,0.0
661,55.0,96,90,1.0,0.0
662,51.0,46,540,1.0,0.0
663,58.0,2,90,1.0,0.0
664,63.0,24,90,1.0,0.0
665,67.0,0,90,0.0,0.0
666,70.0,72,20,0.0,0.0
667,53.0,2,90,1.0,0.0
668,68.0,94,60,0.0,0.0
669,56.0,2,90,1.0,0.0
670,67.0,48,90,0.0,0.0
671,63.0,0,90,1.0,0.0
672,68.0,24,90,0.0,0.0
673,51.0,46,540,1.0,0.0
674,55.0,96,90,1.0,0.0
675,67.0,24,20,0.0,0.0
676,68.0,48,20,0.0,0.0
677,58.0,96,90,1.0,0.0
678,63.0,2,90,1.0,0.0
679,70.0,94,15,0.0,0.0
680,55.0,96,90,1.0,0.0
681,68.0,0,90,0.0,0.0
682,58.0,50,90,1.0,0.0
683,63.0,26,90,1.0,0.0
684,67.0,0,90,0.0,0.0
685,51.0,0,90,1.0,0.0
686,67.0,70,20,0.0,0.0
687,65.0,96,60,0.0,0.0
688,56.0,2,90,1.0,0.0
689,64.0,64,90,0.0,0.0
690,60.0,2,90,1.0,0.0
691,65.0,94,90,0.0,0.0
692,51.0,2,90,1.0,0.0
693,69.0,94,90,0.0,0.0
694,53.0,2,90,1.0,0.0
695,70.0,32,90,0.0,0.0
696,62.0,32,30,0.0,0.0
697,56.0,48,90,1.0,0.0
698,51.0,48,90,1.0,0.0
699,65.0,48,40,0.0,0.0
700,63.0,0,40,0.0,0.0
701,62.0,48,40,0.0,0.0
702,55.0,48,90,1.0,0.0
703,63.0,0,40,0.0,0.0
704,58.0,48,90,1.0,0.0
705,67.0,48,40,0.0,0.0
706,63.0,0,40,0.0,0.0
707,55.0,0,90,1.0,0.0
708,70.0,48,40,0.0,0.0
709,67.0,32,40,0.0,0.0
710,58.0,0,90,1.0,0.0
711,75.0,32,30,0.0,0.0
712,70.0,32,30,0.0,0.0
713,67.0,32,30,0.0,0.0
714,63.0,50,90,1.0,0.0
715,79.0,18,30,0.0,0.0
716,75.0,32,30,0.0,0.0
717,70.0,0,30,0.0,0.0
718,51.0,30,270,1.0,0.0
719,55.0,2,90,1.0,0.0
720,68.0,46,40,0.0,0.0
721,67.0,48,40,0.0,0.0
722,58.0,2,90,1.0,0.0
723,66.0,46,40,0.0,0.0
724,67.0,48,40,0.0,0.0
725,63.0,2,90,1.0,0.0
726,66.0,16,40,0.0,0.0
727,67.0,48,40,0.0,0.0
728,53.0,2,90,1.0,0.0
729,70.0,46,40,0.0,0.0
730,51.0,30,270,1.0,0.0
731,68.0,48,40,0.0,0.0
732,56.0,2,90,1.0,0.0
733,67.0,46,40,0.0,0.0
734,68.0,48,40,0.0,0.0
735,63.0,2,90,1.0,0.0
736,67.0,16,40,0.0,0.0
737,68.0,48,40,0.0,0.0
738,51.0,46,540,1.0,0.0
739,55.0,2,90,1.0,0.0
740,72.0,46,40,0.0,0.0
741,70.0,48,40,0.0,0.0
742,69.0,46,40,0.0,0.0
743,58.0,2,90,1.0,0.0
744,70.0,48,40,0.0,0.0
745,69.0,46,40,0.0,0.0
746,63.0,2,90,1.0,0.0
747,70.0,48,40,0.0,0.0
748,69.0,46,40,0.0,0.0
749,55.0,2,90,1.0,0.0
750,70.0,48,40,0.0,0.0
751,72.0,46,40,0.0,0.0
752,58.0,2,90,1.0,0.0
753,70.0,48,40,0.0,0.0
754,63.0,0,90,1.0,0.0
755,68.0,0,40,0.0,0.0
756,67.0,48,40,0.0,0.0
757,65.0,48,40,0.0,0.0
758,51.0,46,90,1.0,0.0
759,67.0,2,40,0.0,0.0
760,65.0,48,40,0.0,0.0
761,56.0,46,90,1.0,0.0
762,64.0,2,40,0.0,0.0
763,60.0,46,90,1.0,0.0
764,65.0,18,40,0.0,0.0
765,67.0,2,40,0.0,0.0
766,51.0,46,90,1.0,0.0
767,68.0,48,40,0.0,0.0
768,69.0,2,40,0.0,0.0
769,53.0,46,90,1.0,0.0
770,70.0,48,40,0.0,0.0
771,62.0,2,40,0.0,0.0
772,56.0,258,90,1.0,0.0
773,70.0,18,40,0.0,0.0
774,62.0,0,40,0.0,0.0
775,63.0,288,270,0.0,0.0
776,55.0,0,270,1.0,0.0
777,51.0,0,270,1.0,0.0
778,51.0,0,150,1.0,0.0
779,55.0,32,150,1.0,0.0
780,63.0,94,180,0.0,0.0
781,58.0,2,90,1.0,0.0
782,70.0,96,90,0.0,0.0
783,78.0,0,90,0.0,0.0
784,66.0,96,90,1.0,0.0
785,75.0,0,90,0.0,0.0
786,63.0,96,90,1.0,0.0
787,74.0,96,90,0.0,0.0
788,62.0,0,90,1.0,0.0
789,75.0,0,90,0.0,0.0
790,63.0,96,90,1.0,0.0
791,70.0,0,90,0.0,0.0
792,58.0,96,90,1.0,0.0
793,57.0,0,90,1.0,0.0
794,69.0,96,90,0.0,0.0
795,58.0,0,90,1.0,0.0
796,70.0,96,90,0.0,0.0
797,54.0,0,90,1.0,0.0
798,66.0,94,90,0.0,0.0
799,65.0,2,90,0.0,0.0
800,53.0,160,90,1.0,0.0
801,63.0,96,150,0.0,0.0
802,51.0,30,270,1.0,0.0
803,58.0,0,150,0.0,0.0
804,66.0,96,90,0.0,0.0
805,65.0,96,90,0.0,0.0
806,58.0,0,270,0.0,0.0
807,46.0,30,270,1.0,0.0
808,68.0,66,90,0.0,0.0
809,62.0,162,90,0.0,0.0
810,63.0,96,150,0.0,0.0
811,39.0,0,270,1.0,0.0
812,58.0,30,150,0.0,0.0
813,66.0,96,90,0.0,0.0
814,58.0,0,270,0.0,0.0
815,34.0,30,270,1.0,0.0
816,65.0,96,90,0.0,0.0
817,68.0,66,90,0.0,0.0
818,62.0,162,90,0.0,0.0
819,63.0,0,150,0.0,0.0
820,39.0,30,150,1.0,0.0
821,58.0,96,90,0.0,0.0
822,70.0,96,90,0.0,0.0
823,78.0,96,90,0.0,0.0
824,75.0,96,90,0.0,0.0
825,62.0,94,90,1.0,0.0
826,74.0,2,90,0.0,0.0
827,75.0,96,90,0.0,0.0
828,63.0,2,90,1.0,0.0
829,58.0,0,90,1.0,0.0
830,70.0,96,90,0.0,0.0
831,69.0,96,90,0.0,0.0
832,57.0,0,90,1.0,0.0
833,58.0,0,90,1.0,0.0
834,70.0,96,90,0.0,0.0
835,54.0,94,90,1.0,0.0
836,66.0,0,90,0.0,0.0
837,53.0,160,90,1.0,0.0
838,65.0,2,90,0.0,0.0
839,63.0,96,150,0.0,0.0
840,51.0,32,270,1.0,0.0
841,58.0,0,150,0.0,0.0
842,66.0,96,90,0.0,0.0
843,44.0,30,270,1.0,0.0
844,63.0,96,90,0.0,0.0
845,66.0,64,90,0.0,0.0
846,54.0,2,90,1.0,0.0
847,60.0,192,90,0.0,0.0
848,37.0,0,270,1.0,0.0
849,61.0,64,180,0.0,0.0
850,49.0,32,150,1.0,0.0
851,65.0,96,90,0.0,0.0
852,32.0,30,270,1.0,0.0
853,63.0,96,90,0.0,0.0
854,66.0,64,90,0.0,0.0
855,60.0,160,90,0.0,0.0
856,56.0,2,90,1.0,0.0
857,61.0,96,150,0.0,0.0
858,37.0,0,270,1.0,0.0
859,53.0,30,150,1.0,0.0
860,68.0,96,90,0.0,0.0
861,65.0,96,90,0.0,0.0
862,34.0,30,270,1.0,0.0
863,68.0,66,90,0.0,0.0
864,56.0,0,90,1.0,0.0
865,62.0,162,90,0.0,0.0
866,39.0,30,270,1.0,0.0
867,63.0,96,150,0.0,0.0
868,54.0,0,150,1.0,0.0
869,68.0,96,90,0.0,0.0
870,34.0,30,270,1.0,0.0
871,65.0,96,90,0.0,0.0
872,68.0,66,90,0.0,0.0
873,56.0,162,90,1.0,0.0
874,62.0,0,90,0.0,0.0
875,39.0,30,270,1.0,0.0
876,63.0,30,150,0.0,0.0
877,54.0,66,90,1.0,0.0
878,75.0,96,90,0.0,0.0
879,74.0,96,90,0.0,0.0
880,35.0,30,270,1.0,0.0
881,75.0,66,90,0.0,0.0
882,69.0,96,90,0.0,0.0
883,70.0,0,90,0.0,0.0
884,34.0,96,90,1.0,0.0
885,75.0,96,90,0.0,0.0
886,59.0,0,90,1.0,0.0
887,63.0,0,90,1.0,0.0
888,69.0,96,90,0.0,0.0
889,62.0,0,90,1.0,0.0
890,58.0,0,90,1.0,0.0
891,70.0,96,90,0.0,0.0
892,75.0,96,90,0.0,0.0
893,59.0,0,90,1.0,0.0
894,69.0,96,90,0.0,0.0
895,63.0,0,90,1.0,0.0
896,70.0,66,90,0.0,0.0
897,62.0,30,150,1.0,0.0
898,58.0,0,150,1.0,0.0
899,82.0,96,90,0.0,0.0
900,74.0,96,90,0.0,0.0
901,86.0,96,90,0.0,0.0
902,77.0,96,90,0.0,0.0
903,89.0,48,90,0.0,0.0
904,89.0,48,40,0.0,0.0
905,87.0,48,40,0.0,0.0
906,86.0,48,40,0.0,0.0
907,84.0,48,40,0.0,0.0
908,82.0,48,40,0.0,0.0
909,81.0,48,40,0.0,0.0
910,79.0,48,40,0.0,0.0
911,77.0,48,40,0.0,0.0
912,75.0,48,40,0.0,0.0
913,74.0,48,40,0.0,0.0
914,72.0,48,40,0.0,0.0
915,70.0,48,40,0.0,0.0
916,69.0,48,40,0.0,0.0
917,70.0,48,40,0.0,0.0
918,72.0,48,40,0.0,0.0
919,74.0,48,40,0.0,0.0
920,75.0,48,40,0.0,0.0
921,77.0,48,40,0.0,0.0
922,79.0,48,40,0.0,0.0
923,81.0,48,40,0.0,0.0
924,82.0,48,40,0.0,0.0
925,84.0,48,40,0.0,0.0
926,86.0,48,40,0.0,0.0
927,87.0,48,40,0.0,0.0
928,89.0,48,40,0.0,0.0
929,87.0,48,40,0.0,0.0
930,86.0,48,40,0.0,0.0
931,84.0,48,40,0.0,0.0
932,82.0,48,40,0.0,0.0
933,80.0,48,40,0.0,0.0
934,79.0,48,40,0.0,0.0
935,77.0,48,40,0.0,0.0
936,75.0,48,40,0.0,0.0
937,74.0,48,40,0.0,0.0
938,72.0,48,40,0.0,0.0
939,70.0,48,40,0.0,0.0
940,68.0,48,40,0.0,0.0
941,70.0,48,40,0.0,0.0
942,72.0,48,40,0.0,0.0
943,74.0,48,40,0.0,0.0
944,75.0,48,40,0.0,0.0
945,77.0,48,40,0.0,0.0
946,79.0,48,40,0.0,0.0
947,80.0,48,40,0.0,0.0
948,82.0,48,40,0.0,0.0
949,84.0,48,40,0.0,0.0
950,86.0,48,40,0.0,0.0
951,87.0,48,40,0.0,0.0
952,89.0,48,40,0.0,0.0
953,87.0,48,40,0.0,0.0
954,86.0,48,40,0.0,0.0
955,84.0,48,40,0.0,0.0
956,82.0,48,40,0.0,0.0
957,80.0,48,40,0.0,0.0
958,79.0,48,40,0.0,0.0
959,77.0,48,40,0.0,0.0
960,75.0,48,40,0.0,0.0
961,74.0,48,40,0.0,0.0
962,72.0,48,40,0.0,0.0
963,70.0,48,40,0.0,0.0
964,68.0,48,40,0.0,0.0
965,67.0,48,40,0.0,0.0
966,68.0,48,40,0.0,0.0
967,70.0,24,40,0.0,0.0
968,72.0,24,20,0.0,0.0
969,74.0,24,20,0.0,0.0
970,75.0,24,20,0.0,0.0
971,77.0,34,20,0.0,0.0
972,79.0,192,30,0.0,0.0
973,75.0,158,30,0.0,0.0
974,70.0,94,180,0.0,0.0
975,51.0,46,540,1.0,0.0
976,55.0,96,90,1.0,0.0
977,58.0,2,90,1.0,0.0
978,63.0,24,90,1.0,0.0
979,67.0,0,90,0.0,0.0
980,70.0,72,20,0.0,0.0
981,53.0,0,90,1.0,0.0
982,68.0,96,60,0.0,0.0
983,67.0,50,90,0.0,0.0
984,56.0,0,90,1.0,0.0
985,68.0,0,90,0.0,0.0
986,63.0,24,90,1.0,0.0
987,67.0,24,20,0.0,0.0
988,51.0,46,540,1.0,0.0
989,55.0,96,90,1.0,0.0
990,68.0,48,20,0.0,0.0
991,70.0,30,210,0.0,0.0
992,58.0,66,90,1.0,0.0
993,63.0,96,90,1.0,0.0
994,70.0,96,90,0.0,0.0
995,55.0,0,90,1.0,0.0
996,68.0,0,90,0.0,0.0
997,58.0,50,90,1.0,0.0
998,67.0,0,90,0.0,0.0
999,63.0,26,90,1.0,0.0
1000,67.0,70,20,0.0,0.0
1001,51.0,0,90,1.0,0.0
1002,65.0,96,60,0.0,0.0
1003,56.0,0,90,1.0,0.0
1004,64.0,66,90,0.0,0.0
1005,60.0,96,90,1.0,0.0
1006,65.0,0,90,0.0,0.0
1007,69.0,0,90,0.0,0.0
1008,51.0,96,90,1.0,0.0
1009,70.0,0,90,0.0,0.0
1010,53.0,34,90,1.0,0.0
1011,62.0,32,30,0.0,0.0
1012,56.0,50,90,1.0,0.0
1013,51.0,2,90,1.0,0.0
1014,65.0,46,40,0.0,0.0
1015,63.0,48,40,0.0,0.0
1016,62.0,46,40,0.0,0.0
1017,55.0,2,90,1.0,0.0
1018,63.0,48,40,0.0,0.0
1019,58.0,2,90,1.0,0.0
1020,67.0,46,40,0.0,0.0
1021,63.0,32,40,0.0,0.0
1022,55.0,2,90,1.0,0.0
1023,70.0,32,30,0.0,0.0
1024,67.0,30,30,0.0,0.0
1025,75.0,32,30,0.0,0.0
1026,70.0,32,30,0.0,0.0
1027,58.0,2,90,1.0,0.0
1028,79.0,30,30,0.0,0.0
1029,75.0,24,30,0.0,0.0
1030,63.0,0,90,1.0,0.0
1031,82.0,24,20,0.0,0.0
1032,79.0,0,20,0.0,0.0
1033,75.0,22,20,0.0,0.0
1034,70.0,48,20,0.0,0.0
1035,51.0,46,540,1.0,0.0
1036,68.0,48,40,0.0,0.0
1037,55.0,48,90,1.0,0.0
1038,67.0,0,40,0.0,0.0
1039,66.0,48,40,0.0,0.0
1040,58.0,0,90,1.0,0.0
1041,67.0,48,40,0.0,0.0
1042,66.0,48,40,0.0,0.0
1043,63.0,0,90,1.0,0.0
1044,67.0,48,40,0.0,0.0
1045,53.0,0,90,1.0,0.0
1046,70.0,48,40,0.0,0.0
1047,68.0,48,40,0.0,0.0
1048,56.0,0,90,1.0,0.0
1049,67.0,48,40,0.0,0.0
1050,68.0,48,40,0.0,0.0
1051,67.0,2,40,0.0,0.0
1052,63.0,48,90,1.0,0.0
1053,68.0,0,40,0.0,0.0
1054,51.0,46,540,1.0,0.0
1055,55.0,0,90,1.0,0.0
1056,72.0,48,40,0.0,0.0
1057,70.0,48,40,0.0,0.0
1058,58.0,0,90,1.0,0.0
1059,69.0,48,40,0.0,0.0
1060,70.0,48,40,0.0,0.0
1061,69.0,48,40,0.0,0.0
1062,63.0,48,90,1.0,0.0
1063,70.0,0,40,0.0,0.0
1064,69.0,48,40,0.0,0.0
1065,55.0,48,90,1.0,0.0
1066,70.0,0,40,0.0,0.0
1067,72.0,48,40,0.0,0.0
1068,58.0,48,90,1.0,0.0
1069,70.0,0,40,0.0,0.0
1070,63.0,48,90,1.0,0.0
1071,68.0,2,40,0.0,0.0
1072,67.0,0,40,0.0,0.0
1073,51.0,0,90,1.0,0.0
1074,65.0,48,40,0.0,0.0
1075,67.0,48,40,0.0,0.0
1076,56.0,0,90,1.0,0.0
1077,65.0,48,40,0.0,0.0
1078,64.0,48,40,0.0,0.0
1079,60.0,48,90,1.0,0.0
1080,65.0,18,40,0.0,0.0
1081,67.0,0,40,0.0,0.0
1082,51.0,0,90,1.0,0.0
1083,68.0,48,40,0.0,0.0
1084,69.0,48,40,0.0,0.0
1085,53.0,48,90,1.0,0.0
1086,70.0,48,40,0.0,0.0
1087,62.0,0,40,0.0,0.0
1088,70.0,18,40,0.0,0.0
1089,56.0,0,90,1.0,0.0
1090,62.0,96,40,0.0,0.0
1091,55.0,0,90,1.0,0.0
1092,51.0,66,90,1.0,0.0
1093,63.0,30,150,0.0,0.0
1094,58.0,96,90,1.0,0.0
1095,51.0,34,90,1.0,0.0
1096,58.0,96,30,0.0,0.0
1097,58.0,96,30,0.0,0.0
1098,58.0,256,30,0.0,0.0
1099,46.0,0,270,1.0,0.0
1100,38.0,30,270,1.0,0.0
1101,58.0,0,270,0.0,0.0
1102,65.0,0,270,0.0,0.0
1103,70.0,64,180,0.0,0.0
1104,68.0,34,90,0.0,0.0
1105,58.0,96,30,0.0,0.0
1106,58.0,96,30,0.0,0.0
1107,58.0,256,30,0.0,0.0
1108,46.0,0,270,1.0,0.0
1109,39.0,0,270,1.0,0.0
1110,58.0,0,270,0.0,0.0
1111,63.0,30,270,0.0,0.0
1112,68.0,64,180,0.0,0.0
1113,67.0,34,90,0.0,0.0
1114,58.0,96,30,0.0,0.0
1115,58.0,96,30,0.0,0.0
1116,58.0,256,30,0.0,0.0
1117,58.0,0,270,0.0,0.0
1118,62.0,0,270,0.0,0.0
1119,44.0,30,270,1.0,0.0
1120,67.0,64,180,0.0,0.0
1121,65.0,34,90,0.0,0.0
1122,63.0,0,30,0.0,0.0
1123,43.0,96,30,1.0,0.0
1124,58.0,0,30,0.0,0.0
1125,62.0,0,30,0.0,0.0
1126,41.0,0,30,1.0,0.0
1127,58.0,96,30,0.0,0.0
1128,65.0,0,30,0.0,0.0
1129,67.0,0,30,0.0,0.0
1130,63.0,0,30,0.0,0.0
1131,39.0,320,30,1.0,0.0
1132,58.0,0,30,0.0,0.0
1133,58.0,0,270,0.0,0.0
1134,62.0,0,270,0.0,0.0
1135,65.0,0,270,0.0,0.0
1136,46.0,78,270,1.0,0.0
1137,69.0,48,40,0.0,0.0
1138,70.0,48,40,0.0,0.0
1139,69.0,48,40,0.0,0.0
1140,70.0,48,40,0.0,0.0
1141,69.0,48,40,0.0,0.0
1142,70.0,162,40,0.0,0.0
1143,82.0,96,150,0.0,0.0
1144,70.0,0,270,0.0,0.0
1145,62.0,0,270,1.0,0.0
1146,65.0,30,270,1.0,0.0
1147,80.0,48,90,0.0,0.0
1148,69.0,48,40,0.0,0.0
1149,70.0,48,40,0.0,0.0
1150,69.0,48,40,0.0,0.0
1151,70.0,48,40,0.0,0.0
1152,69.0,48,40,0.0,0.0
1153,70.0,162,40,0.0,0.0
1154,70.0,0,270,0.0,0.0
1155,63.0,30,270,1.0,0.0
1156,67.0,0,270,1.0,0.0
1157,80.0,96,150,0.0,0.0
1158,79.0,48,90,0.0,0.0
1159,69.0,48,40,0.0,0.0
1160,70.0,48,40,0.0,0.0
1161,69.0,48,40,0.0,0.0
1162,70.0,48,40,0.0,0.0
1163,69.0,48,40,0.0,0.0
1164,70.0,194,40,0.0,0.0
1165,79.0,64,180,0.0,0.0
1166,74.0,30,270,0.0,0.0
1167,68.0,0,270,1.0,0.0
1168,70.0,0,270,0.0,0.0
1169,77.0,34,90,0.0,0.0
1170,67.0,0,30,1.0,0.0
1171,75.0,96,30,0.0,0.0
1172,70.0,0,30,0.0,0.0
1173,65.0,0,30,1.0,0.0
1174,74.0,0,30,0.0,0.0
1175,77.0,96,30,0.0,0.0
1176,79.0,0,30,0.0,0.0
1177,75.0,0,30,0.0,0.0
1178,63.0,320,30,1.0,0.0
1179,70.0,0,270,1.0,0.0
1180,74.0,0,270,0.0,0.0
1181,77.0,64,270,0.0,0.0
1182,58.0,0,30,0.0,0.0
1183,55.0,0,30,1.0,0.0
1184,63.0,96,30,0.0,0.0
1185,53.0,96,30,1.0,0.0
1186,62.0,0,30,0.0,0.0
1187,65.0,0,30,0.0,0.0
1188,63.0,0,30,0.0,0.0
1189,67.0,320,30,0.0,0.0
1190,51.0,0,30,1.0,0.0
1191,62.0,0,270,0.0,0.0
1192,65.0,64,270,0.0,0.0
1193,46.0,0,270,1.0,0.0
1194,75.0,96,30,0.0,0.0
1195,70.0,0,30,0.0,0.0
1196,67.0,0,30,1.0,0.0
1197,65.0,96,30,1.0,0.0
1198,74.0,0,30,0.0,0.0
1199,77.0,0,30,0.0,0.0
1200,63.0,0,30,1.0,0.0
1201,75.0,320,30,0.0,0.0
1202,79.0,0,30,0.0,0.0
1203,77.0,0,270,0.0,0.0
1204,70.0,0,270,1.0,0.0
1205,74.0,64,270,0.0,0.0
1206,75.0,96,30,0.0,0.0
1207,70.0,0,30,0.0,0.0
1208,67.0,0,30,1.0,0.0
1209,65.0,96,30,1.0,0.0
1210,74.0,0,30,0.0,0.0
1211,77.0,0,30,0.0,0.0
1212,75.0,206,30,0.0,0.0
1213,63.0,0,30,1.0,0.0
1214,79.0,0,30,0.0,0.0
1215,58.0,0,150,1.0,0.0
1216,74.0,0,150,0.0,0.0
1217,77.0,34,150,0.0,0.0
1218,67.0,48,30,1.0,0.0
1219,70.0,0,30,0.0,0.0
1220,75.0,0,30,0.0,0.0
1221,65.0,48,30,1.0,0.0
1222,77.0,0,30,0.0,0.0
1223,74.0,0,30,0.0,0.0
1224,79.0,0,30,0.0,0.0
1225,75.0,0,30,0.0,0.0
1226,63.0,158,30,1.0,0.0
1227,77.0,0,150,0.0,0.0
1228,70.0,0,150,1.0,0.0
1229,74.0,34,150,0.0,0.0
1230,67.0,0,30,1.0,0.0
1231,70.0,0,30,0.0,0.0
1232,75.0,48,30,0.0,0.0
1233,74.0,0,30,0.0,0.0
1234,77.0,48,30,0.0,0.0
1235,65.0,0,30,1.0,0.0
1236,75.0,48,30,0.0,0.0
1237,79.0,0,30,0.0,0.0
1238,63.0,0,30,1.0,0.0
1239,74.0,0,30,0.0,0.0
1240,77.0,0,30,0.0,0.0
1241,58.0,48,30,1.0,0.0
1242,70.0,0,30,0.0,0.0
1243,75.0,48,30,0.0,0.0
1244,67.0,0,30,1.0,0.0
1245,65.0,0,30,1.0,0.0
1246,77.0,48,30,0.0,0.0
1247,74.0,0,30,0.0,0.0
1248,79.0,0,30,0.0,0.0
1249,63.0,48,30,1.0,0.0
1250,75.0,0,30,0.0,0.0
1251,77.0,48,30,0.0,0.0
1252,74.0,0,30,0.0,0.0
1253,58.0,0,30,1.0,0.0
1254,67.0,48,30,1.0,0.0
1255,70.0,0,30,0.0,0.0
1256,75.0,0,30,0.0,0.0
1257,65.0,48,30,1.0,0.0
1258,77.0,0,30,0.0,0.0
1259,74.0,0,30,0.0,0.0
1260,75.0,0,30,0.0,0.0
1261,63.0,48,30,1.0,0.0
1262,79.0,0,30,0.0,0.0
1263,58.0,48,30,1.0,0.0
1264,77.0,0,30,0.0,0.0
1265,74.0,0,30,0.0,0.0
1266,75.0,0,30,0.0,0.0
1267,67.0,48,30,1.0,0.0
1268,70.0,0,30,0.0,0.0
1269,77.0,0,30,0.0,0.0
1270,74.0,0,30,0.0,0.0
1271,65.0,48,30,1.0,0.0
1272,63.0,0,30,1.0,0.0
1273,75.0,0,30,0.0,0.0
1274,79.0,110,30,0.0,0.0
1275,58.0,122,90,1.0,0.0
1276,74.0,0,90,0.0,0.0
1277,77.0,0,90,0.0,0.0
1278,77.0,24,20,0.0,0.0
1279,75.0,24,20,0.0,0.0
1280,74.0,24,20,0.0,0.0
1281,72.0,32,20,0.0,0.0
1282,70.0,184,30,0.0,0.0
1283,77.0,24,20,0.0,0.0
1284,75.0,24,20,0.0,0.0
1285,74.0,22,20,0.0,0.0
1286,72.0,34,20,0.0,0.0
1287,70.0,182,30,0.0,0.0
1288,53.0,24,20,1.0,0.0
1289,51.0,24,20,1.0,0.0
1290,50.0,24,20,1.0,0.0
1291,48.0,34,20,1.0,0.0
1292,46.0,184,30,1.0,0.0
1293,77.0,24,20,0.0,0.0
1294,75.0,24,20,0.0,0.0
1295,74.0,22,20,0.0,0.0
1296,72.0,34,20,0.0,0.0
1297,70.0,190,30,0.0,0.0
1298,79.0,16,15,0.0,0.0
1299,77.0,16,15,0.0,0.0
1300,75.0,16,15,0.0,0.0
1301,74.0,16,15,0.0,0.0
1302,72.0,34,15,0.0,0.0
1303,70.0,174,30,0.0,0.0
1304,80.0,16,15,0.0,0.0
1305,79.0,16,15,0.0,0.0
1306,77.0,16,15,0.0,0.0
1307,75.0,16,15,0.0,0.0
1308,74.0,16,15,0.0,0.0
1309,72.0,34,15,0.0,0.0
1310,70.0,62,30,0.0,0.0
1311,82.0,48,40,0.0,0.0
1312,80.0,48,40,0.0,0.0
1313,79.0,24,40,0.0,0.0
1314,77.0,24,20,0.0,0.0
1315,75.0,24,20,0.0,0.0
1316,74.0,24,20,0.0,0.0
1317,72.0,96,20,0.0,0.0
1318,70.0,34,90,0.0,0.0
1319,79.0,96,30,0.0,0.0
1320,75.0,158,30,0.0,0.0
1321,51.0,46,540,1.0,0.0
1322,55.0,66,90,1.0,0.0
1323,70.0,30,150,0.0,0.0
1324,58.0,96,90,1.0,0.0
1325,63.0,0,90,1.0,0.0
1326,67.0,24,90,0.0,0.0
1327,53.0,0,90,1.0,0.0
1328,70.0,72,20,0.0,0.0
1329,68.0,96,60,0.0,0.0
1330,67.0,0,90,0.0,0.0
1331,56.0,50,90,1.0,0.0
1332,68.0,0,90,0.0,0.0
1333,63.0,24,90,1.0,0.0
1334,67.0,24,20,0.0,0.0
1335,55.0,96,90,1.0,0.0
1336,51.0,46,540,1.0,0.0
1337,68.0,48,20,0.0,0.0
1338,70.0,30,210,0.0,0.0
1339,58.0,66,90,1.0,0.0
1340,63.0,96,90,1.0,0.0
1341,55.0,0,90,1.0,0.0
1342,70.0,96,90,0.0,0.0
1343,68.0,50,90,0.0,0.0
1344,58.0,0,90,1.0,0.0
1345,67.0,0,90,0.0,0.0
1346,63.0,26,90,1.0,0.0
1347,67.0,70,20,0.0,0.0
1348,51.0,96,90,1.0,0.0
1349,65.0,0,60,0.0,0.0
1350,56.0,66,90,1.0,0.0
1351,64.0,0,90,0.0,0.0
1352,65.0,0,90,0.0,0.0
1353,60.0,96,90,1.0,0.0
1354,69.0,96,90,0.0,0.0
1355,51.0,0,90,1.0,0.0
1356,53.0,0,90,1.0,0.0
1357,70.0,34,90,0.0,0.0
1358,62.0,32,30,0.0,0.0
1359,56.0,34,90,1.0,0.0
1360,51.0,2,90,1.0,0.0
1361,65.0,32,30,0.0,0.0
1362,63.0,30,30,0.0,0.0
1363,62.0,32,30,0.0,0.0
1364,55.0,2,90,1.0,0.0
1365,63.0,32,30,0.0,0.0
1366,65.0,30,30,0.0,0.0
1367,67.0,32,30,0.0,0.0
1368,68.0,32,30,0.0,0.0
1369,58.0,2,90,1.0,0.0
1370,70.0,30,30,0.0,0.0
1371,72.0,32,30,0.0,0.0
1372,74.0,32,30,0.0,0.0
1373,55.0,2,90,1.0,0.0
1374,75.0,30,30,0.0,0.0
1375,77.0,24,30,0.0,0.0
1376,79.0,24,20,0.0,0.0
1377,58.0,2,90,1.0,0.0
1378,80.0,24,20,0.0,0.0
1379,79.0,22,20,0.0,0.0
1380,77.0,24,20,0.0,0.0
1381,63.0,0,90,1.0,0.0
1382,75.0,24,20,0.0,0.0
1383,74.0,24,20,0.0,0.0
1384,72.0,22,20,0.0,0.0
1385,70.0,32,20,0.0,0.0
1386,68.0,32,30,0.0,0.0
1387,51.0,0,90,1.0,0.0
1388,67.0,32,30,0.0,0.0
1389,66.0,32,30,0.0,0.0
1390,67.0,32,30,0.0,0.0
1391,58.0,24,90,1.0,0.0
1392,66.0,32,30,0.0,0.0
1393,67.0,0,30,0.0,0.0
1394,63.0,32,90,1.0,0.0
1395,66.0,24,20,0.0,0.0
1396,67.0,24,20,0.0,0.0
1397,66.0,24,20,0.0,0.0
1398,67.0,0,20,0.0,0.0
1399,53.0,32,90,1.0,0.0
1400,70.0,32,30,0.0,0.0
1401,68.0,32,30,0.0,0.0
1402,67.0,0,30,0.0,0.0
1403,56.0,0,90,1.0,0.0
1404,68.0,32,30,0.0,0.0
1405,67.0,32,30,0.0,0.0
1406,68.0,24,30,0.0,0.0
1407,63.0,32,90,1.0,0.0
1408,67.0,24,20,0.0,0.0
1409,68.0,2,20,0.0,0.0
1410,67.0,24,20,0.0,0.0
1411,68.0,0,20,0.0,0.0
1412,72.0,32,30,0.0,0.0
1413,51.0,0,90,1.0,0.0
1414,70.0,32,30,0.0,0.0
1415,69.0,32,30,0.0,0.0
1416,58.0,0,90,1.0,0.0
1417,70.0,32,30,0.0,0.0
1418,72.0,32,30,0.0,0.0
1419,74.0,32,30,0.0,0.0
1420,63.0,24,90,1.0,0.0
1421,75.0,32,30,0.0,0.0
1422,77.0,32,30,0.0,0.0
1423,79.0,0,30,0.0,0.0
1424,80.0,24,20,0.0,0.0
1425,55.0,24,90,1.0,0.0
1426,82.0,24,20,0.0,0.0
1427,84.0,24,20,0.0,0.0
1428,86.0,0,20,0.0,0.0
1429,58.0,0,90,1.0,0.0
1430,87.0,24,20,0.0,0.0
1431,89.0,24,20,0.0,0.0
1432,87.0,24,20,0.0,0.0
1433,86.0,24,20,0.0,0.0
1434,63.0,32,90,1.0,0.0
1435,84.0,24,20,0.0,0.0
1436,82.0,2,20,0.0,0.0
1437,80.0,24,20,0.0,0.0
1438,79.0,0,20,0.0,0.0
1439,51.0,32,90,1.0,0.0
1440,77.0,32,30,0.0,0.0
1441,79.0,32,30,0.0,0.0
1442,77.0,0,30,0.0,0.0
1443,76.0,32,30,0.0,0.0
1444,56.0,0,90,1.0,0.0
1445,77.0,32,30,0.0,0.0
1446,79.0,32,30,0.0,0.0
1447,60.0,34,90,1.0,0.0
1448,80.0,32,30,0.0,0.0
1449,81.0,2,30,0.0,0.0
1450,82.0,62,30,0.0,0.0
1451,51.0,96,90,1.0,0.0
1452,53.0,34,90,1.0,0.0
1453,74.0,32,30,0.0,0.0
1454,56.0,96,90,1.0,0.0
1455,51.0,0,90,1.0,0.0
1456,55.0,66,90,1.0,0.0
1457,75.0,30,150,0.0,0.0
1458,58.0,96,90,1.0,0.0
1459,51.0,50,90,1.0,0.0
1460,80.0,48,40,0.0,0.0
1461,79.0,48,40,0.0,0.0
1462,77.0,48,40,0.0,0.0
1463,75.0,48,40,0.0,0.0
1464,74.0,46,40,0.0,0.0
1465,72.0,130,40,0.0,0.0
1466,70.0,80,270,0.0,0.0
1467,56.0,96,30,1.0,0.0
1468,58.0,0,30,1.0,0.0
1469,62.0,0,30,1.0,0.0
1470,65.0,0,30,1.0,0.0
1471,65.0,0,30,1.0,0.0
1472,62.0,0,30,1.0,0.0
1473,58.0,0,30,1.0,0.0
1474,56.0,32,30,1.0,0.0
1475,69.0,48,40,0.0,0.0
1476,70.0,48,40,0.0,0.0
1477,71.0,48,40,0.0,0.0
1478,72.0,48,40,0.0,0.0
1479,73.0,48,40,0.0,0.0
1480,74.0,128,40,0.0,0.0
1481,75.0,48,300,0.0,0.0
1482,55.0,96,30,1.0,0.0
1483,58.0,0,30,1.0,0.0
1484,63.0,0,30,1.0,0.0
1485,58.0,0,30,1.0,0.0
1486,63.0,64,30,1.0,0.0
1487,55.0,0,30,1.0,0.0
1488,75.0,48,40,0.0,0.0
1489,74.0,48,40,0.0,0.0
1490,72.0,48,40,0.0,0.0
1491,70.0,48,40,0.0,0.0
1492,68.0,46,40,0.0,0.0
1493,67.0,130,40,0.0,0.0
1494,65.0,32,180,0.0,0.0
1495,48.0,64,30,1.0,0.0
1496,53.0,0,30,1.0,0.0
1497,44.0,0,30,1.0,0.0
1498,68.0,192,30,0.0,0.0
1499,58.0,32,180,0.0,0.0
1500,53.0,0,30,1.0,0.0
1501,56.0,64,30,1.0,0.0
1502,46.0,0,30,1.0,0.0
1503,62.0,192,30,0.0,0.0
1504,63.0,78,150,0.0,0.0
1505,55.0,0,30,1.0,0.0
1506,51.0,32,30,1.0,0.0
1507,65.0,48,40,1.0,0.0
1508,67.0,48,40,1.0,0.0
1509,68.0,48,40,1.0,0.0
1510,67.0,48,40,1.0,0.0
1511,65.0,48,40,1.0,0.0
1512,63.0,48,40,1.0,0.0
1513,62.0,48,40,1.0,0.0
1514,60.0,98,40,1.0,0.0
1515,58.0,78,270,1.0,0.0
1516,68.0,48,40,0.0,0.0
1517,74.0,48,40,0.0,0.0
1518,77.0,32,40,0.0,0.0
1519,80.0,32,30,0.0,0.0
1520,57.0,48,40,1.0,0.0
1521,58.0,48,40,1.0,0.0
1522,59.0,48,40,1.0,0.0
1523,60.0,48,40,1.0,0.0
1524,61.0,48,40,1.0,0.0
1525,62.0,98,40,1.0,0.0
1526,63.0,78,270,1.0,0.0
1527,67.0,48,40,0.0,0.0
1528,70.0,48,40,0.0,0.0
1529,75.0,32,40,0.0,0.0
1530,79.0,32,30,0.0,0.0
1531,63.0,48,40,1.0,0.0
1532,62.0,48,40,1.0,0.0
1533,60.0,48,40,1.0,0.0
1534,58.0,48,40,1.0,0.0
1535,56.0,48,40,1.0,0.0
1536,55.0,96,40,1.0,0.0
1537,44.0,126,270,1.0,0.0
1538,53.0,30,150,1.0,0.0
1539,72.0,48,40,0.0,0.0
1540,77.0,18,40,0.0,0.0
1541,80.0,34,40,0.0,0.0
1542,84.0,0,30,0.0,0.0
1543,56.0,32,30,1.0,0.0
1544,46.0,32,180,1.0,0.0
1545,70.0,48,40,0.0,0.0
1546,74.0,48,40,0.0,0.0
1547,77.0,2,40,0.0,0.0
1548,50.0,14,30,1.0,0.0
1549,82.0,48,40,0.0,0.0
1550,80.0,34,40,0.0,0.0
1551,79.0,62,30,0.0,0.0
1552,39.0,0,150,1.0,0.0
1553,51.0,30,150,1.0,0.0
1554,67.0,48,40,0.0,0.0
1555,70.0,18,40,0.0,0.0
1556,75.0,48,40,0.0,0.0
1557,79.0,48,40,0.0,0.0
1558,82.0,48,40,0.0,0.0
1559,87.0,48,40,0.0,0.0
1560,86.0,48,40,0.0,0.0
1561,84.0,48,40,0.0,0.0
1562,82.0,48,40,0.0,0.0
1563,80.0,48,40,0.0,0.0
1564,79.0,130,40,0.0,0.0
1565,77.0,94,180,0.0,0.0
1566,65.0,64,30,1.0,0.0
1567,60.0,0,30,1.0,0.0
1568,56.0,0,30,1.0,0.0
1569,80.0,130,90,0.0,0.0
1570,70.0,64,150,0.0,0.0
1571,68.0,0,30,1.0,0.0
1572,65.0,0,30,1.0,0.0
1573,58.0,32,30,1.0,0.0
1574,74.0,110,30,0.0,0.0
1575,75.0,48,40,0.0,0.0
1576,74.0,34,40,0.0,0.0
1577,63.0,0,30,1.0,0.0
1578,67.0,14,30,1.0,0.0
1579,75.0,48,40,0.0,0.0
1580,74.0,48,40,0.0,0.0
1581,79.0,48,40,0.0,0.0
1582,77.0,48,40,0.0,0.0
1583,75.0,48,40,0.0,0.0
1584,74.0,48,40,0.0,0.0
1585,72.0,48,40,0.0,0.0
1586,70.0,48,40,0.0,0.0
1587,68.0,48,40,0.0,0.0
1588,67.0,48,40,0.0,0.0
1589,65.0,48,40,0.0,0.0
1590,67.0,34,40,0.0,0.0
1591,48.0,14,30,1.0,0.0
1592,44.0,0,30,1.0,0.0
1593,65.0,48,40,0.0,0.0
1594,53.0,0,30,1.0,0.0
1595,64.0,48,40,0.0,0.0
1596,65.0,48,40,0.0,0.0
1597,68.0,48,40,0.0,0.0
1598,58.0,48,40,0.0,0.0
1599,60.0,34,40,0.0,0.0
1600,53.0,14,30,1.0,0.0
1601,58.0,48,40,0.0,0.0
1602,56.0,0,30,1.0,0.0
1603,46.0,0,30,1.0,0.0
1604,57.0,48,40,0.0,0.0
1605,58.0,48,40,0.0,0.0
1606,62.0,96,40,0.0,0.0
1607,51.0,34,90,1.0,0.0
1608,55.0,0,90,1.0,0.0
1609,63.0,64,150,0.0,0.0
1610,46.0,0,30,1.0,0.0
1611,58.0,32,30,1.0,0.0
1612,46.0,0,30,1.0,0.0
1613,58.0,96,30,1.0,0.0
1614,58.0,0,30,1.0,0.0
1615,46.0,96,30,1.0,0.0
1616,46.0,0,30,1.0,0.0
1617,82.0,0,30,0.0,0.0
1618,56.0,0,30,1.0,0.0
1619,53.0,0,30,1.0,0.0
1620,70.0,0,30,0.0,0.0
1621,58.0,96,30,1.0,0.0
1622,74.0,0,30,0.0,0.0
1623,80.0,0,30,0.0,0.0
1624,86.0,0,30,0.0,0.0
1625,46.0,0,30,1.0,0.0
1626,53.0,96,30,1.0,0.0
1627,56.0,0,30,1.0,0.0
1628,58.0,0,30,1.0,0.0
1629,39.0,0,30,1.0,0.0
1630,75.0,0,30,0.0,0.0
1631,79.0,0,30,0.0,0.0
1632,87.0,0,30,0.0,0.0
1633,51.0,0,30,1.0,0.0
