,note,step,duration,channel,velocity
0,35.0,0.0,2040.0,3.0,0.0
1,47.0,1024.0,1020.0,2.0,0.0
2,47.0,1024.0,2040.0,4.0,0.0
3,49.0,0.0,1020.0,2.0,0.0
4,51.0,0.0,2040.0,4.0,0.0
5,39.0,0.0,2040.0,3.0,0.0
6,66.0,0.0,2040.0,1.0,0.0
7,51.0,1024.0,1020.0,2.0,0.0
8,49.0,1024.0,1020.0,2.0,0.0
9,52.0,1024.0,1020.0,2.0,0.0
10,52.0,0.0,2040.0,4.0,0.0
11,40.0,0.0,2040.0,3.0,0.0
12,68.0,256.0,2040.0,1.0,0.0
13,49.0,0.0,1020.0,2.0,0.0
14,54.0,1024.0,4110.0,4.0,0.0
15,59.0,256.0,270.0,1.0,0.0
16,42.0,0.0,4110.0,3.0,0.0
17,54.0,128.0,1020.0,2.0,0.0
18,58.0,128.0,270.0,1.0,0.0
19,59.0,128.0,120.0,1.0,0.0
20,58.0,128.0,120.0,1.0,0.0
21,59.0,128.0,120.0,1.0,0.0
22,58.0,0.0,120.0,1.0,0.0
23,59.0,128.0,120.0,1.0,0.0
24,52.0,128.0,1020.0,2.0,0.0
25,58.0,128.0,120.0,1.0,0.0
26,59.0,128.0,120.0,1.0,0.0
27,58.0,128.0,120.0,1.0,0.0
28,59.0,128.0,120.0,1.0,0.0
29,58.0,128.0,120.0,1.0,0.0
30,59.0,128.0,120.0,1.0,0.0
31,58.0,0.0,120.0,1.0,0.0
32,59.0,128.0,120.0,1.0,0.0
33,54.0,128.0,1020.0,2.0,0.0
34,58.0,128.0,120.0,1.0,0.0
35,59.0,128.0,120.0,1.0,0.0
36,58.0,128.0,120.0,1.0,0.0
37,59.0,128.0,120.0,1.0,0.0
38,58.0,128.0,120.0,1.0,0.0
39,59.0,128.0,120.0,1.0,0.0
40,58.0,0.0,120.0,1.0,0.0
41,59.0,128.0,120.0,1.0,0.0
42,51.0,0.0,1020.0,2.0,0.0
43,58.0,128.0,120.0,1.0,0.0
44,59.0,128.0,120.0,1.0,0.0
45,58.0,128.0,120.0,1.0,0.0
46,59.0,128.0,120.0,1.0,0.0
47,58.0,128.0,120.0,1.0,0.0
48,56.0,128.0,120.0,1.0,0.0
49,58.0,0.0,120.0,1.0,0.0
50,56.0,0.0,2040.0,4.0,0.0
51,56.0,1024.0,1020.0,2.0,0.0
52,59.0,1024.0,2040.0,1.0,0.0
53,44.0,0.0,2040.0,3.0,0.0
54,54.0,0.0,1020.0,2.0,0.0
55,52.0,0.0,2040.0,4.0,0.0
56,40.0,1024.0,2040.0,3.0,0.0
57,52.0,1024.0,1020.0,2.0,0.0
58,59.0,0.0,1020.0,1.0,0.0
59,51.0,0.0,1020.0,2.0,0.0
60,61.0,512.0,1020.0,1.0,0.0
61,52.0,0.0,1020.0,2.0,0.0
62,37.0,1024.0,2040.0,3.0,0.0
63,49.0,0.0,2040.0,4.0,0.0
64,64.0,512.0,510.0,1.0,0.0
65,49.0,0.0,1020.0,2.0,0.0
66,63.0,0.0,510.0,1.0,0.0
67,54.0,0.0,1020.0,2.0,0.0
68,54.0,0.0,2040.0,4.0,0.0
69,64.0,1024.0,1020.0,1.0,0.0
70,42.0,1024.0,2040.0,3.0,0.0
71,42.0,0.0,1020.0,2.0,0.0
72,64.0,0.0,2040.0,1.0,0.0
73,47.0,512.0,1020.0,2.0,0.0
74,47.0,0.0,2040.0,4.0,0.0
75,35.0,0.0,2040.0,3.0,0.0
76,49.0,0.0,1020.0,2.0,0.0
77,63.0,512.0,510.0,1.0,0.0
78,61.0,512.0,510.0,1.0,0.0
79,34.0,256.0,2040.0,3.0,0.0
80,47.0,0.0,1020.0,2.0,0.0
81,46.0,0.0,2040.0,4.0,0.0
82,63.0,512.0,510.0,1.0,0.0
83,65.0,512.0,510.0,1.0,0.0
84,46.0,0.0,1020.0,2.0,0.0
85,63.0,512.0,510.0,1.0,0.0
86,65.0,0.0,510.0,1.0,0.0
87,44.0,0.0,2040.0,4.0,0.0
88,44.0,0.0,1020.0,2.0,0.0
89,66.0,256.0,270.0,1.0,0.0
90,32.0,0.0,2040.0,3.0,0.0
91,65.0,128.0,270.0,1.0,0.0
92,66.0,128.0,120.0,1.0,0.0
93,65.0,128.0,120.0,1.0,0.0
94,66.0,128.0,120.0,1.0,0.0
95,65.0,128.0,120.0,1.0,0.0
96,47.0,512.0,1020.0,2.0,0.0
97,66.0,128.0,120.0,1.0,0.0
98,65.0,128.0,120.0,1.0,0.0
99,66.0,128.0,120.0,1.0,0.0
100,65.0,512.0,120.0,1.0,0.0
101,66.0,0.0,510.0,1.0,0.0
102,46.0,512.0,1020.0,2.0,0.0
103,42.0,0.0,2040.0,4.0,0.0
104,30.0,512.0,2040.0,3.0,0.0
105,66.0,512.0,510.0,1.0,0.0
106,61.0,0.0,510.0,1.0,0.0
107,70.0,512.0,510.0,1.0,0.0
108,44.0,0.0,1020.0,2.0,0.0
109,68.0,0.0,510.0,1.0,0.0
110,66.0,512.0,510.0,1.0,0.0
111,46.0,0.0,2040.0,4.0,0.0
112,73.0,512.0,2040.0,0.0,0.0
113,46.0,0.0,1020.0,2.0,0.0
114,34.0,0.0,2040.0,3.0,0.0
115,64.0,512.0,510.0,1.0,0.0
116,42.0,0.0,1020.0,2.0,0.0
117,63.0,512.0,510.0,1.0,0.0
118,61.0,0.0,510.0,1.0,0.0
119,59.0,512.0,510.0,1.0,0.0
120,47.0,0.0,2040.0,4.0,0.0
121,35.0,256.0,2040.0,3.0,0.0
122,75.0,0.0,2040.0,0.0,0.0
123,47.0,1024.0,1020.0,2.0,0.0
124,58.0,0.0,510.0,1.0,0.0
125,59.0,128.0,1530.0,1.0,0.0
126,44.0,0.0,1020.0,2.0,0.0
127,49.0,0.0,4110.0,4.0,0.0
128,66.0,256.0,270.0,0.0,0.0
129,37.0,0.0,4110.0,3.0,0.0
130,49.0,128.0,1020.0,2.0,0.0
131,65.0,0.0,270.0,0.0,0.0
132,66.0,128.0,120.0,0.0,0.0
133,63.0,0.0,510.0,1.0,0.0
134,65.0,128.0,120.0,0.0,0.0
135,66.0,128.0,120.0,0.0,0.0
136,65.0,0.0,120.0,0.0,0.0
137,66.0,128.0,120.0,0.0,0.0
138,68.0,0.0,510.0,1.0,0.0
139,47.0,0.0,1020.0,2.0,0.0
140,65.0,128.0,120.0,0.0,0.0
141,66.0,128.0,120.0,0.0,0.0
142,65.0,128.0,120.0,0.0,0.0
143,66.0,128.0,120.0,0.0,0.0
144,66.0,128.0,510.0,1.0,0.0
145,65.0,128.0,120.0,0.0,0.0
146,66.0,128.0,120.0,0.0,0.0
147,65.0,0.0,120.0,0.0,0.0
148,49.0,128.0,1020.0,2.0,0.0
149,66.0,128.0,120.0,0.0,0.0
150,65.0,0.0,510.0,1.0,0.0
151,65.0,128.0,120.0,0.0,0.0
152,66.0,128.0,120.0,0.0,0.0
153,65.0,128.0,120.0,0.0,0.0
154,63.0,0.0,510.0,1.0,0.0
155,66.0,128.0,120.0,0.0,0.0
156,65.0,128.0,120.0,0.0,0.0
157,66.0,128.0,120.0,0.0,0.0
158,65.0,0.0,120.0,0.0,0.0
159,61.0,0.0,510.0,1.0,0.0
160,66.0,128.0,120.0,0.0,0.0
161,46.0,512.0,1020.0,2.0,0.0
162,65.0,128.0,120.0,0.0,0.0
163,66.0,128.0,120.0,0.0,0.0
164,65.0,128.0,120.0,0.0,0.0
165,59.0,0.0,510.0,1.0,0.0
166,66.0,128.0,120.0,0.0,0.0
167,65.0,128.0,120.0,0.0,0.0
168,63.0,128.0,120.0,0.0,0.0
169,65.0,0.0,120.0,0.0,0.0
170,51.0,0.0,1020.0,2.0,0.0
171,51.0,0.0,2040.0,4.0,0.0
172,39.0,0.0,2040.0,3.0,0.0
173,66.0,512.0,2040.0,0.0,0.0
174,58.0,512.0,510.0,1.0,0.0
175,56.0,1024.0,510.0,1.0,0.0
176,58.0,512.0,1530.0,1.0,0.0
177,49.0,0.0,1020.0,2.0,0.0
178,35.0,0.0,4110.0,3.0,0.0
179,47.0,0.0,4110.0,4.0,0.0
180,47.0,512.0,1020.0,2.0,0.0
181,61.0,0.0,510.0,1.0,0.0
182,66.0,512.0,510.0,1.0,0.0
183,46.0,0.0,1020.0,2.0,0.0
184,66.0,0.0,1020.0,0.0,0.0
185,65.0,512.0,510.0,1.0,0.0
186,63.0,512.0,510.0,1.0,0.0
187,47.0,0.0,1020.0,2.0,0.0
188,68.0,512.0,1020.0,0.0,0.0
189,61.0,0.0,510.0,1.0,0.0
190,44.0,512.0,1020.0,2.0,0.0
191,71.0,256.0,510.0,0.0,0.0
192,59.0,0.0,510.0,1.0,0.0
193,61.0,256.0,270.0,1.0,0.0
194,70.0,0.0,510.0,0.0,0.0
195,63.0,0.0,270.0,1.0,0.0
196,49.0,1024.0,2040.0,4.0,0.0
197,56.0,512.0,510.0,1.0,0.0
198,37.0,0.0,2040.0,3.0,0.0
199,49.0,0.0,1020.0,2.0,0.0
200,71.0,0.0,1020.0,0.0,0.0
201,59.0,512.0,510.0,1.0,0.0
202,71.0,0.0,2040.0,0.0,0.0
203,37.0,0.0,1020.0,2.0,0.0
204,66.0,512.0,510.0,1.0,0.0
205,65.0,0.0,510.0,1.0,0.0
206,42.0,0.0,2040.0,4.0,0.0
207,66.0,512.0,12810.0,1.0,0.0
208,30.0,0.0,2040.0,3.0,0.0
209,42.0,512.0,1020.0,2.0,0.0
210,49.0,1024.0,1020.0,2.0,0.0
211,70.0,512.0,510.0,0.0,0.0
212,68.0,0.0,510.0,0.0,0.0
213,54.0,512.0,1020.0,2.0,0.0
214,70.0,0.0,1020.0,0.0,0.0
215,42.0,0.0,2040.0,3.0,0.0
216,54.0,1024.0,2040.0,4.0,0.0
217,73.0,512.0,510.0,0.0,0.0
218,56.0,0.0,1020.0,2.0,0.0
219,71.0,0.0,510.0,0.0,0.0
220,40.0,1024.0,2040.0,3.0,0.0
221,54.0,1024.0,1020.0,2.0,0.0
222,52.0,0.0,2040.0,4.0,0.0
223,52.0,0.0,1020.0,2.0,0.0
224,73.0,0.0,15.0,0.0,0.0
225,51.0,512.0,1020.0,2.0,0.0
226,51.0,0.0,2040.0,4.0,0.0
227,39.0,0.0,2040.0,3.0,0.0
228,52.0,0.0,1020.0,2.0,0.0
229,71.0,512.0,510.0,0.0,0.0
230,70.0,1024.0,510.0,0.0,0.0
231,49.0,1024.0,2040.0,4.0,0.0
232,37.0,0.0,2040.0,3.0,0.0
233,51.0,512.0,1020.0,2.0,0.0
234,71.0,0.0,1020.0,0.0,0.0
235,75.0,512.0,510.0,0.0,0.0
236,49.0,0.0,1020.0,2.0,0.0
237,73.0,0.0,510.0,0.0,0.0
238,35.0,512.0,2040.0,3.0,0.0
239,47.0,0.0,1020.0,2.0,0.0
240,47.0,0.0,2040.0,4.0,0.0
241,75.0,512.0,1020.0,0.0,0.0
242,73.0,512.0,510.0,0.0,0.0
243,51.0,0.0,1020.0,2.0,0.0
244,71.0,0.0,510.0,0.0,0.0
245,46.0,0.0,1020.0,2.0,0.0
246,34.0,512.0,1020.0,3.0,0.0
247,73.0,0.0,1530.0,0.0,0.0
248,46.0,0.0,1020.0,4.0,0.0
249,70.0,0.0,510.0,1.0,0.0
250,35.0,0.0,1020.0,3.0,0.0
251,47.0,0.0,1020.0,2.0,0.0
252,68.0,512.0,510.0,1.0,0.0
253,47.0,0.0,1020.0,4.0,0.0
254,75.0,1024.0,510.0,0.0,0.0
255,66.0,0.0,510.0,1.0,0.0
256,37.0,0.0,2040.0,3.0,0.0
257,49.0,256.0,2040.0,4.0,0.0
258,49.0,1024.0,1020.0,2.0,0.0
259,70.0,0.0,2040.0,0.0,0.0
260,47.0,0.0,1020.0,2.0,0.0
261,37.0,0.0,2040.0,4.0,0.0
262,66.0,0.0,15.0,1.0,0.0
263,25.0,0.0,2040.0,3.0,0.0
264,49.0,0.0,1020.0,2.0,0.0
265,70.0,0.0,270.0,0.0,0.0
266,68.0,128.0,270.0,0.0,0.0
267,65.0,0.0,270.0,1.0,0.0
268,66.0,128.0,120.0,1.0,0.0
269,70.0,0.0,120.0,0.0,0.0
270,68.0,128.0,120.0,0.0,0.0
271,65.0,0.0,120.0,1.0,0.0
272,70.0,0.0,120.0,0.0,0.0
273,66.0,128.0,120.0,1.0,0.0
274,65.0,0.0,120.0,1.0,0.0
275,68.0,128.0,120.0,0.0,0.0
276,70.0,0.0,120.0,0.0,0.0
277,37.0,512.0,1020.0,2.0,0.0
278,66.0,128.0,120.0,1.0,0.0
279,68.0,128.0,120.0,0.0,0.0
280,65.0,0.0,120.0,1.0,0.0
281,66.0,0.0,120.0,1.0,0.0
282,70.0,128.0,120.0,0.0,0.0
283,68.0,0.0,120.0,0.0,0.0
284,65.0,512.0,120.0,1.0,0.0
285,66.0,0.0,510.0,1.0,0.0
286,66.0,0.0,15.0,0.0,0.0
287,30.0,0.0,2040.0,3.0,0.0
288,66.0,0.0,2040.0,1.0,0.0
289,42.0,0.0,2040.0,4.0,0.0
290,42.0,0.0,1020.0,2.0,0.0
291,61.0,512.0,510.0,0.0,0.0
292,44.0,512.0,1020.0,2.0,0.0
293,70.0,512.0,510.0,0.0,0.0
294,68.0,0.0,510.0,0.0,0.0
295,34.0,0.0,2040.0,3.0,0.0
296,61.0,512.0,2040.0,1.0,0.0
297,46.0,0.0,2040.0,4.0,0.0
298,46.0,512.0,1020.0,2.0,0.0
299,66.0,512.0,510.0,0.0,0.0
300,64.0,0.0,510.0,0.0,0.0
301,42.0,0.0,1020.0,2.0,0.0
302,63.0,512.0,510.0,0.0,0.0
303,61.0,0.0,510.0,0.0,0.0
304,59.0,512.0,510.0,0.0,0.0
305,63.0,256.0,2040.0,1.0,0.0
306,47.0,0.0,1020.0,2.0,0.0
307,35.0,0.0,2040.0,3.0,0.0
308,47.0,0.0,2040.0,4.0,0.0
309,58.0,1024.0,510.0,0.0,0.0
310,59.0,128.0,1530.0,0.0,0.0
311,44.0,0.0,1020.0,2.0,0.0
312,49.0,0.0,4110.0,4.0,0.0
313,37.0,0.0,4110.0,3.0,0.0
314,49.0,0.0,1020.0,2.0,0.0
315,54.0,256.0,270.0,1.0,0.0
316,53.0,0.0,270.0,1.0,0.0
317,63.0,128.0,510.0,0.0,0.0
318,54.0,128.0,120.0,1.0,0.0
319,53.0,128.0,120.0,1.0,0.0
320,54.0,128.0,120.0,1.0,0.0
321,53.0,0.0,120.0,1.0,0.0
322,68.0,0.0,510.0,0.0,0.0
323,47.0,0.0,1020.0,2.0,0.0
324,54.0,128.0,120.0,1.0,0.0
325,53.0,128.0,120.0,1.0,0.0
326,54.0,128.0,120.0,1.0,0.0
327,53.0,128.0,120.0,1.0,0.0
328,66.0,128.0,510.0,0.0,0.0
329,54.0,128.0,120.0,1.0,0.0
330,53.0,128.0,120.0,1.0,0.0
331,54.0,128.0,120.0,1.0,0.0
332,53.0,0.0,120.0,1.0,0.0
333,65.0,128.0,510.0,0.0,0.0
334,54.0,128.0,120.0,1.0,0.0
335,49.0,0.0,1020.0,2.0,0.0
336,53.0,128.0,120.0,1.0,0.0
337,54.0,128.0,120.0,1.0,0.0
338,53.0,0.0,120.0,1.0,0.0
339,54.0,128.0,120.0,1.0,0.0
340,63.0,0.0,510.0,0.0,0.0
341,53.0,128.0,120.0,1.0,0.0
342,54.0,128.0,120.0,1.0,0.0
343,53.0,128.0,120.0,1.0,0.0
344,46.0,0.0,1020.0,2.0,0.0
345,61.0,0.0,510.0,0.0,0.0
346,54.0,128.0,120.0,1.0,0.0
347,53.0,128.0,120.0,1.0,0.0
348,54.0,128.0,120.0,1.0,0.0
349,53.0,128.0,120.0,1.0,0.0
350,59.0,512.0,510.0,0.0,0.0
351,54.0,128.0,120.0,1.0,0.0
352,53.0,128.0,120.0,1.0,0.0
353,51.0,128.0,120.0,1.0,0.0
354,53.0,0.0,120.0,1.0,0.0
355,51.0,1024.0,1020.0,2.0,0.0
356,54.0,512.0,2040.0,1.0,0.0
357,58.0,512.0,510.0,0.0,0.0
358,39.0,0.0,2040.0,3.0,0.0
359,51.0,0.0,2040.0,4.0,0.0
360,56.0,0.0,510.0,0.0,0.0
361,49.0,0.0,1020.0,2.0,0.0
362,58.0,512.0,1530.0,0.0,0.0
363,47.0,0.0,4110.0,4.0,0.0
364,35.0,0.0,4110.0,3.0,0.0
365,47.0,0.0,1020.0,2.0,0.0
366,61.0,512.0,510.0,0.0,0.0
367,46.0,0.0,1020.0,2.0,0.0
368,66.0,512.0,510.0,0.0,0.0
369,54.0,512.0,1020.0,1.0,0.0
370,65.0,0.0,510.0,0.0,0.0
371,63.0,512.0,510.0,0.0,0.0
372,47.0,0.0,1020.0,2.0,0.0
373,56.0,512.0,1020.0,1.0,0.0
374,61.0,0.0,510.0,0.0,0.0
375,44.0,512.0,1020.0,2.0,0.0
376,59.0,0.0,510.0,1.0,0.0
377,59.0,256.0,510.0,0.0,0.0
378,58.0,0.0,510.0,1.0,0.0
379,61.0,256.0,270.0,0.0,0.0
380,63.0,0.0,270.0,0.0,0.0
381,37.0,0.0,2040.0,3.0,0.0
382,49.0,512.0,2040.0,4.0,0.0
383,49.0,0.0,1020.0,2.0,0.0
384,56.0,512.0,510.0,0.0,0.0
385,59.0,512.0,510.0,0.0,0.0
386,59.0,0.0,15.0,1.0,0.0
387,37.0,0.0,1020.0,2.0,0.0
388,66.0,512.0,510.0,0.0,0.0
389,65.0,0.0,510.0,0.0,0.0
390,30.0,0.0,2040.0,3.0,0.0
391,66.0,512.0,1020.0,0.0,0.0
392,42.0,0.0,2040.0,4.0,0.0
393,42.0,0.0,1020.0,2.0,0.0
394,58.0,0.0,510.0,1.0,0.0
395,56.0,512.0,510.0,1.0,0.0
396,40.0,512.0,1020.0,2.0,0.0
397,54.0,0.0,1020.0,0.0,0.0
398,58.0,0.0,510.0,1.0,0.0
399,59.0,512.0,510.0,1.0,0.0
400,27.0,512.0,2040.0,3.0,0.0
401,39.0,0.0,2040.0,4.0,0.0
402,66.0,0.0,2040.0,0.0,0.0
403,39.0,0.0,1020.0,2.0,0.0
404,57.0,512.0,510.0,1.0,0.0
405,56.0,512.0,510.0,1.0,0.0
406,35.0,0.0,1020.0,2.0,0.0
407,54.0,0.0,510.0,1.0,0.0
408,40.0,0.0,2040.0,4.0,0.0
409,52.0,512.0,510.0,1.0,0.0
410,28.0,256.0,2040.0,3.0,0.0
411,68.0,0.0,2040.0,0.0,0.0
412,40.0,0.0,1020.0,2.0,0.0
413,51.0,1024.0,510.0,1.0,0.0
414,52.0,128.0,1530.0,1.0,0.0
415,37.0,0.0,1020.0,2.0,0.0
416,42.0,512.0,4110.0,4.0,0.0
417,59.0,256.0,270.0,0.0,0.0
418,42.0,0.0,1020.0,2.0,0.0
419,30.0,0.0,4110.0,3.0,0.0
420,58.0,0.0,270.0,0.0,0.0
421,59.0,128.0,120.0,0.0,0.0
422,56.0,128.0,510.0,1.0,0.0
423,58.0,128.0,120.0,0.0,0.0
424,59.0,128.0,120.0,0.0,0.0
425,58.0,0.0,120.0,0.0,0.0
426,61.0,128.0,510.0,1.0,0.0
427,40.0,128.0,1020.0,2.0,0.0
428,59.0,128.0,120.0,0.0,0.0
429,58.0,128.0,120.0,0.0,0.0
430,59.0,128.0,120.0,0.0,0.0
431,58.0,0.0,120.0,0.0,0.0
432,59.0,128.0,120.0,0.0,0.0
433,59.0,0.0,510.0,1.0,0.0
434,58.0,128.0,120.0,0.0,0.0
435,59.0,128.0,120.0,0.0,0.0
436,58.0,0.0,120.0,0.0,0.0
437,58.0,128.0,510.0,1.0,0.0
438,59.0,128.0,120.0,0.0,0.0
439,42.0,0.0,1020.0,2.0,0.0
440,58.0,128.0,120.0,0.0,0.0
441,59.0,128.0,120.0,0.0,0.0
442,58.0,0.0,120.0,0.0,0.0
443,59.0,128.0,120.0,0.0,0.0
444,56.0,0.0,510.0,1.0,0.0
445,58.0,128.0,120.0,0.0,0.0
446,59.0,128.0,120.0,0.0,0.0
447,58.0,128.0,120.0,0.0,0.0
448,54.0,0.0,510.0,1.0,0.0
449,59.0,128.0,120.0,0.0,0.0
450,39.0,0.0,1020.0,2.0,0.0
451,58.0,128.0,120.0,0.0,0.0
452,59.0,128.0,120.0,0.0,0.0
453,58.0,128.0,120.0,0.0,0.0
454,52.0,0.0,510.0,1.0,0.0
455,59.0,128.0,120.0,0.0,0.0
456,58.0,128.0,120.0,0.0,0.0
457,56.0,128.0,120.0,0.0,0.0
458,58.0,0.0,120.0,0.0,0.0
459,44.0,1024.0,1020.0,2.0,0.0
460,32.0,0.0,2040.0,3.0,0.0
461,51.0,512.0,510.0,1.0,0.0
462,59.0,0.0,2040.0,0.0,0.0
463,44.0,0.0,2040.0,4.0,0.0
464,49.0,0.0,510.0,1.0,0.0
465,51.0,512.0,1530.0,1.0,0.0
466,42.0,512.0,1020.0,2.0,0.0
467,40.0,0.0,4110.0,4.0,0.0
468,28.0,0.0,4110.0,3.0,0.0
469,40.0,0.0,1020.0,2.0,0.0
470,66.0,512.0,510.0,1.0,0.0
471,39.0,512.0,1020.0,2.0,0.0
472,71.0,512.0,510.0,1.0,0.0
473,59.0,0.0,1020.0,0.0,0.0
474,70.0,0.0,510.0,1.0,0.0
475,40.0,0.0,1020.0,2.0,0.0
476,68.0,512.0,510.0,1.0,0.0
477,61.0,0.0,1020.0,0.0,0.0
478,66.0,512.0,510.0,1.0,0.0
479,37.0,0.0,1020.0,2.0,0.0
480,64.0,0.0,510.0,0.0,0.0
481,64.0,256.0,510.0,1.0,0.0
482,63.0,512.0,510.0,0.0,0.0
483,66.0,256.0,270.0,1.0,0.0
484,68.0,0.0,270.0,1.0,0.0
485,61.0,512.0,510.0,1.0,0.0
486,30.0,0.0,2040.0,3.0,0.0
487,64.0,0.0,1020.0,0.0,0.0
488,42.0,0.0,2040.0,4.0,0.0
489,64.0,512.0,510.0,1.0,0.0
490,42.0,0.0,15.0,2.0,0.0
491,64.0,512.0,2040.0,0.0,0.0
492,71.0,512.0,510.0,1.0,0.0
493,70.0,0.0,510.0,1.0,0.0
494,35.0,0.0,2040.0,4.0,0.0
495,71.0,512.0,12810.0,1.0,0.0
496,23.0,0.0,2040.0,3.0,0.0
497,35.0,0.0,1020.0,2.0,0.0
498,63.0,512.0,510.0,0.0,0.0
499,54.0,1024.0,1020.0,2.0,0.0
500,61.0,0.0,510.0,0.0,0.0
501,63.0,512.0,1020.0,0.0,0.0
502,47.0,1024.0,2040.0,4.0,0.0
503,59.0,0.0,1020.0,2.0,0.0
504,35.0,0.0,2040.0,3.0,0.0
505,61.0,0.0,1020.0,2.0,0.0
506,66.0,512.0,510.0,0.0,0.0
507,64.0,0.0,510.0,0.0,0.0
508,66.0,1024.0,1020.0,0.0,0.0
509,59.0,0.0,1020.0,2.0,0.0
510,33.0,0.0,2040.0,3.0,0.0
511,45.0,1024.0,2040.0,4.0,0.0
512,57.0,0.0,1020.0,2.0,0.0
513,66.0,512.0,2040.0,0.0,0.0
514,32.0,0.0,2040.0,3.0,0.0
515,56.0,0.0,1020.0,2.0,0.0
516,44.0,0.0,2040.0,4.0,0.0
517,57.0,0.0,1020.0,2.0,0.0
518,64.0,512.0,510.0,0.0,0.0
519,63.0,1024.0,510.0,0.0,0.0
520,42.0,0.0,2040.0,4.0,0.0
521,64.0,512.0,1020.0,0.0,0.0
522,56.0,0.0,1020.0,2.0,0.0
523,30.0,0.0,2040.0,3.0,0.0
524,68.0,512.0,510.0,0.0,0.0
525,54.0,0.0,1020.0,2.0,0.0
526,66.0,1024.0,510.0,0.0,0.0
527,40.0,0.0,2040.0,4.0,0.0
528,52.0,512.0,1020.0,2.0,0.0
529,68.0,0.0,1020.0,0.0,0.0
530,28.0,0.0,2040.0,3.0,0.0
531,56.0,0.0,1020.0,2.0,0.0
532,66.0,512.0,510.0,0.0,0.0
533,64.0,512.0,510.0,0.0,0.0
534,51.0,0.0,1020.0,2.0,0.0
535,39.0,0.0,1020.0,4.0,0.0
536,66.0,512.0,1530.0,0.0,0.0
537,27.0,0.0,1020.0,3.0,0.0
538,75.0,512.0,510.0,1.0,0.0
539,52.0,0.0,1020.0,2.0,0.0
540,40.0,0.0,1020.0,4.0,0.0
541,28.0,1024.0,1020.0,3.0,0.0
542,73.0,0.0,510.0,1.0,0.0
543,68.0,0.0,510.0,0.0,0.0
544,71.0,0.0,510.0,1.0,0.0
545,42.0,0.0,2040.0,4.0,0.0
546,54.0,1024.0,1020.0,2.0,0.0
547,52.0,256.0,1020.0,2.0,0.0
548,63.0,0.0,15.0,0.0,0.0
549,42.0,0.0,2040.0,4.0,0.0
550,30.0,0.0,15.0,3.0,0.0
551,71.0,0.0,15.0,1.0,0.0
552,54.0,128.0,1020.0,2.0,0.0
553,61.0,0.0,270.0,0.0,0.0
554,70.0,128.0,270.0,1.0,0.0
555,63.0,0.0,120.0,0.0,0.0
556,71.0,128.0,120.0,1.0,0.0
557,70.0,128.0,120.0,1.0,0.0
558,61.0,0.0,120.0,0.0,0.0
559,63.0,128.0,120.0,0.0,0.0
560,71.0,0.0,120.0,1.0,0.0
561,61.0,0.0,120.0,0.0,0.0
562,70.0,0.0,120.0,1.0,0.0
563,71.0,128.0,120.0,1.0,0.0
564,63.0,0.0,120.0,0.0,0.0
565,42.0,0.0,1020.0,2.0,0.0
566,61.0,128.0,120.0,0.0,0.0
567,70.0,0.0,120.0,1.0,0.0
568,71.0,128.0,120.0,1.0,0.0
569,63.0,0.0,120.0,0.0,0.0
570,61.0,0.0,120.0,0.0,0.0
571,70.0,512.0,120.0,1.0,0.0
572,59.0,0.0,510.0,0.0,0.0
573,71.0,1024.0,510.0,1.0,0.0
574,23.0,0.0,2040.0,3.0,0.0
575,59.0,0.0,2040.0,0.0,0.0
576,35.0,0.0,2040.0,4.0,0.0
577,47.0,1024.0,1020.0,2.0,0.0
578,71.0,0.0,4110.0,1.0,0.0
579,46.0,1024.0,1020.0,2.0,0.0
580,47.0,1024.0,1020.0,2.0,0.0
581,63.0,1024.0,2040.0,0.0,0.0
582,47.0,0.0,2040.0,4.0,0.0
583,35.0,0.0,2040.0,3.0,0.0
584,44.0,0.0,1020.0,2.0,0.0
585,64.0,0.0,2040.0,0.0,0.0
586,37.0,0.0,2040.0,3.0,0.0
587,49.0,1024.0,1020.0,2.0,0.0
588,49.0,0.0,2040.0,4.0,0.0
589,46.0,256.0,1020.0,2.0,0.0
590,39.0,1024.0,4110.0,3.0,0.0
591,51.0,0.0,4110.0,4.0,0.0
592,51.0,0.0,1020.0,2.0,0.0
593,56.0,256.0,270.0,0.0,0.0
594,55.0,128.0,270.0,0.0,0.0
595,56.0,128.0,120.0,0.0,0.0
596,55.0,128.0,120.0,0.0,0.0
597,56.0,128.0,120.0,0.0,0.0
598,55.0,128.0,120.0,0.0,0.0
599,49.0,128.0,1020.0,2.0,0.0
600,56.0,128.0,120.0,0.0,0.0
601,55.0,128.0,120.0,0.0,0.0
602,56.0,128.0,120.0,0.0,0.0
603,55.0,128.0,120.0,0.0,0.0
604,56.0,128.0,120.0,0.0,0.0
605,55.0,128.0,120.0,0.0,0.0
606,56.0,128.0,120.0,0.0,0.0
607,55.0,0.0,120.0,0.0,0.0
608,56.0,128.0,120.0,0.0,0.0
609,51.0,128.0,1020.0,2.0,0.0
610,55.0,128.0,120.0,0.0,0.0
611,56.0,128.0,120.0,0.0,0.0
612,55.0,128.0,120.0,0.0,0.0
613,56.0,128.0,120.0,0.0,0.0
614,55.0,128.0,120.0,0.0,0.0
615,56.0,128.0,120.0,0.0,0.0
616,55.0,0.0,120.0,0.0,0.0
617,56.0,128.0,120.0,0.0,0.0
618,47.0,0.0,1020.0,2.0,0.0
619,55.0,128.0,120.0,0.0,0.0
620,56.0,128.0,120.0,0.0,0.0
621,55.0,128.0,120.0,0.0,0.0
622,56.0,128.0,120.0,0.0,0.0
623,55.0,128.0,120.0,0.0,0.0
624,53.0,128.0,120.0,0.0,0.0
625,55.0,0.0,120.0,0.0,0.0
626,52.0,1024.0,1020.0,2.0,0.0
627,52.0,0.0,2040.0,4.0,0.0
628,56.0,1024.0,2040.0,0.0,0.0
629,40.0,0.0,2040.0,3.0,0.0
630,51.0,0.0,1020.0,2.0,0.0
631,49.0,1024.0,2040.0,4.0,0.0
632,49.0,1024.0,1020.0,2.0,0.0
633,37.0,0.0,2040.0,3.0,0.0
634,56.0,0.0,1020.0,0.0,0.0
635,47.0,0.0,1020.0,2.0,0.0
636,58.0,0.0,1020.0,0.0,0.0
637,34.0,0.0,2040.0,3.0,0.0
638,49.0,512.0,1020.0,2.0,0.0
639,46.0,0.0,2040.0,4.0,0.0
640,46.0,1024.0,1020.0,2.0,0.0
641,61.0,512.0,510.0,0.0,0.0
642,59.0,0.0,510.0,0.0,0.0
643,39.0,1024.0,2040.0,3.0,0.0
644,51.0,0.0,2040.0,4.0,0.0
645,61.0,1024.0,1020.0,0.0,0.0
646,51.0,0.0,1020.0,2.0,0.0
647,39.0,0.0,1020.0,2.0,0.0
648,61.0,512.0,2040.0,0.0,0.0
649,44.0,0.0,8190.0,4.0,0.0
650,44.0,0.0,1020.0,2.0,0.0
651,32.0,0.0,8190.0,3.0,0.0
652,60.0,512.0,510.0,0.0,0.0
653,56.0,512.0,1020.0,2.0,0.0
654,58.0,0.0,510.0,0.0,0.0
655,60.0,512.0,510.0,0.0,0.0
656,54.0,0.0,1020.0,2.0,0.0
657,61.0,512.0,510.0,0.0,0.0
658,60.0,512.0,510.0,0.0,0.0
659,52.0,0.0,1020.0,2.0,0.0
660,61.0,256.0,510.0,0.0,0.0
661,51.0,128.0,1020.0,2.0,0.0
662,63.0,256.0,270.0,0.0,0.0
663,61.0,128.0,270.0,0.0,0.0
664,63.0,128.0,120.0,0.0,0.0
665,61.0,128.0,120.0,0.0,0.0
666,63.0,128.0,120.0,0.0,0.0
667,61.0,0.0,120.0,0.0,0.0
668,63.0,128.0,120.0,0.0,0.0
669,49.0,0.0,1020.0,2.0,0.0
670,61.0,128.0,120.0,0.0,0.0
671,63.0,128.0,120.0,0.0,0.0
672,61.0,512.0,120.0,0.0,0.0
673,63.0,512.0,510.0,0.0,0.0
674,48.0,0.0,1020.0,2.0,0.0
675,63.0,512.0,510.0,0.0,0.0
676,66.0,512.0,510.0,0.0,0.0
677,44.0,512.0,1020.0,2.0,0.0
678,64.0,512.0,510.0,0.0,0.0
679,63.0,0.0,510.0,0.0,0.0
680,40.0,0.0,2040.0,4.0,0.0
681,28.0,0.0,2040.0,3.0,0.0
682,68.0,512.0,2040.0,1.0,0.0
683,61.0,512.0,510.0,0.0,0.0
684,40.0,512.0,1020.0,2.0,0.0
685,59.0,0.0,510.0,0.0,0.0
686,57.0,512.0,510.0,0.0,0.0
687,37.0,0.0,1020.0,2.0,0.0
688,56.0,0.0,510.0,0.0,0.0
689,42.0,0.0,1020.0,2.0,0.0
690,30.0,0.0,2040.0,3.0,0.0
691,54.0,512.0,510.0,0.0,0.0
692,69.0,0.0,2040.0,1.0,0.0
693,42.0,0.0,2040.0,4.0,0.0
694,53.0,1024.0,510.0,0.0,0.0
695,54.0,0.0,1530.0,0.0,0.0
696,39.0,256.0,1020.0,2.0,0.0
697,44.0,0.0,4110.0,4.0,0.0
698,61.0,256.0,270.0,1.0,0.0
699,32.0,0.0,4110.0,3.0,0.0
700,44.0,0.0,1020.0,2.0,0.0
701,60.0,128.0,270.0,1.0,0.0
702,57.0,0.0,510.0,0.0,0.0
703,61.0,128.0,120.0,1.0,0.0
704,60.0,128.0,120.0,1.0,0.0
705,61.0,128.0,120.0,1.0,0.0
706,60.0,128.0,120.0,1.0,0.0
707,42.0,128.0,1020.0,2.0,0.0
708,61.0,128.0,120.0,1.0,0.0
709,63.0,128.0,510.0,0.0,0.0
710,60.0,128.0,120.0,1.0,0.0
711,61.0,128.0,120.0,1.0,0.0
712,60.0,0.0,120.0,1.0,0.0
713,61.0,128.0,120.0,1.0,0.0
714,61.0,0.0,510.0,0.0,0.0
715,60.0,128.0,120.0,1.0,0.0
716,61.0,128.0,120.0,1.0,0.0
717,60.0,0.0,120.0,1.0,0.0
718,44.0,0.0,1020.0,2.0,0.0
719,61.0,128.0,120.0,1.0,0.0
720,60.0,128.0,510.0,0.0,0.0
721,60.0,128.0,120.0,1.0,0.0
722,61.0,128.0,120.0,1.0,0.0
723,60.0,0.0,120.0,1.0,0.0
724,61.0,128.0,120.0,1.0,0.0
725,58.0,128.0,510.0,0.0,0.0
726,60.0,128.0,120.0,1.0,0.0
727,61.0,128.0,120.0,1.0,0.0
728,60.0,0.0,120.0,1.0,0.0
729,40.0,512.0,1020.0,2.0,0.0
730,61.0,128.0,120.0,1.0,0.0
731,56.0,128.0,510.0,0.0,0.0
732,60.0,128.0,120.0,1.0,0.0
733,61.0,128.0,120.0,1.0,0.0
734,60.0,0.0,120.0,1.0,0.0
735,61.0,128.0,120.0,1.0,0.0
736,54.0,0.0,510.0,0.0,0.0
737,60.0,128.0,120.0,1.0,0.0
738,58.0,128.0,120.0,1.0,0.0
739,60.0,0.0,120.0,1.0,0.0
740,33.0,0.0,2040.0,3.0,0.0
741,52.0,512.0,510.0,0.0,0.0
742,61.0,0.0,2040.0,1.0,0.0
743,45.0,0.0,2040.0,4.0,0.0
744,45.0,1024.0,1020.0,2.0,0.0
745,51.0,0.0,510.0,0.0,0.0
746,44.0,512.0,1020.0,2.0,0.0
747,52.0,512.0,1530.0,0.0,0.0
748,42.0,0.0,4110.0,4.0,0.0
749,30.0,512.0,4110.0,3.0,0.0
750,42.0,512.0,1020.0,2.0,0.0
751,56.0,0.0,510.0,0.0,0.0
752,40.0,0.0,1020.0,2.0,0.0
753,61.0,512.0,510.0,0.0,0.0
754,61.0,512.0,1020.0,1.0,0.0
755,59.0,0.0,510.0,0.0,0.0
756,57.0,512.0,510.0,0.0,0.0
757,42.0,512.0,1020.0,2.0,0.0
758,63.0,0.0,1020.0,1.0,0.0
759,56.0,0.0,510.0,0.0,0.0
760,54.0,256.0,510.0,0.0,0.0
761,66.0,0.0,510.0,1.0,0.0
762,39.0,0.0,1020.0,2.0,0.0
763,56.0,256.0,270.0,0.0,0.0
764,64.0,0.0,510.0,1.0,0.0
765,57.0,0.0,270.0,0.0,0.0
766,51.0,512.0,510.0,0.0,0.0
767,44.0,0.0,2040.0,4.0,0.0
768,44.0,0.0,1020.0,2.0,0.0
769,66.0,0.0,1020.0,1.0,0.0
770,32.0,1024.0,2040.0,3.0,0.0
771,54.0,512.0,510.0,0.0,0.0
772,66.0,512.0,2040.0,1.0,0.0
773,32.0,0.0,1020.0,2.0,0.0
774,61.0,512.0,510.0,0.0,0.0
775,60.0,0.0,510.0,0.0,0.0
776,61.0,512.0,12810.0,0.0,0.0
777,37.0,0.0,2040.0,4.0,0.0
778,37.0,0.0,1020.0,2.0,0.0
779,25.0,0.0,2040.0,3.0,0.0
780,64.0,512.0,510.0,1.0,0.0
781,44.0,0.0,1020.0,2.0,0.0
782,63.0,1024.0,510.0,1.0,0.0
783,49.0,512.0,1020.0,2.0,0.0
784,49.0,1024.0,2040.0,4.0,0.0
785,37.0,0.0,2040.0,3.0,0.0
786,64.0,0.0,1020.0,1.0,0.0
787,51.0,0.0,1020.0,2.0,0.0
788,68.0,512.0,510.0,1.0,0.0
789,66.0,0.0,510.0,1.0,0.0
790,35.0,1024.0,2040.0,3.0,0.0
791,68.0,0.0,1020.0,1.0,0.0
792,47.0,0.0,2040.0,4.0,0.0
793,49.0,1024.0,1020.0,2.0,0.0
794,68.0,0.0,2040.0,1.0,0.0
795,47.0,0.0,1020.0,2.0,0.0
796,45.0,512.0,1020.0,2.0,0.0
797,33.0,0.0,2040.0,3.0,0.0
798,45.0,0.0,2040.0,4.0,0.0
799,47.0,0.0,1020.0,2.0,0.0
800,66.0,512.0,510.0,1.0,0.0
801,64.0,1024.0,510.0,1.0,0.0
802,45.0,512.0,1020.0,2.0,0.0
803,44.0,1024.0,2040.0,4.0,0.0
804,66.0,0.0,1020.0,1.0,0.0
805,32.0,0.0,2040.0,3.0,0.0
806,44.0,0.0,1020.0,2.0,0.0
807,69.0,512.0,510.0,1.0,0.0
808,68.0,0.0,510.0,1.0,0.0
809,30.0,0.0,2040.0,3.0,0.0
810,42.0,0.0,1020.0,2.0,0.0
811,69.0,512.0,1020.0,1.0,0.0
812,42.0,0.0,2040.0,4.0,0.0
813,68.0,512.0,510.0,1.0,0.0
814,45.0,0.0,1020.0,2.0,0.0
815,66.0,512.0,510.0,1.0,0.0
816,40.0,0.0,1020.0,4.0,0.0
817,40.0,0.0,1020.0,2.0,0.0
818,68.0,0.0,1530.0,1.0,0.0
819,28.0,0.0,1020.0,3.0,0.0
820,64.0,512.0,510.0,0.0,0.0
821,42.0,0.0,1020.0,4.0,0.0
822,42.0,0.0,1020.0,2.0,0.0
823,63.0,512.0,510.0,0.0,0.0
824,30.0,0.0,1020.0,3.0,0.0
825,69.0,1024.0,510.0,1.0,0.0
826,61.0,0.0,510.0,0.0,0.0
827,44.0,0.0,2040.0,4.0,0.0
828,32.0,0.0,2040.0,3.0,0.0
829,44.0,1024.0,1020.0,2.0,0.0
830,64.0,0.0,2040.0,1.0,0.0
831,42.0,256.0,1020.0,2.0,0.0
832,20.0,0.0,2040.0,3.0,0.0
833,64.0,256.0,270.0,1.0,0.0
834,32.0,0.0,2040.0,4.0,0.0
835,61.0,0.0,15.0,0.0,0.0
836,44.0,128.0,1020.0,2.0,0.0
837,63.0,0.0,270.0,1.0,0.0
838,60.0,128.0,270.0,0.0,0.0
839,61.0,0.0,120.0,0.0,0.0
840,64.0,128.0,120.0,1.0,0.0
841,63.0,128.0,120.0,1.0,0.0
842,60.0,0.0,120.0,0.0,0.0
843,61.0,128.0,120.0,0.0,0.0
844,64.0,0.0,120.0,1.0,0.0
845,63.0,0.0,120.0,1.0,0.0
846,60.0,0.0,120.0,0.0,0.0
847,64.0,0.0,120.0,1.0,0.0
848,32.0,0.0,1020.0,2.0,0.0
849,61.0,128.0,120.0,0.0,0.0
850,63.0,128.0,120.0,1.0,0.0
851,60.0,0.0,120.0,0.0,0.0
852,61.0,128.0,120.0,0.0,0.0
853,64.0,0.0,120.0,1.0,0.0
854,60.0,0.0,120.0,0.0,0.0
855,63.0,512.0,120.0,1.0,0.0
856,61.0,0.0,510.0,1.0,0.0
857,61.0,1024.0,2040.0,1.0,0.0
858,25.0,0.0,6150.0,3.0,0.0
859,37.0,0.0,6150.0,4.0,0.0
860,61.0,1024.0,15.0,0.0,0.0
861,37.0,1024.0,1020.0,2.0,0.0
862,44.0,0.0,1020.0,2.0,0.0
863,49.0,1024.0,1020.0,2.0,0.0
864,64.0,0.0,2040.0,1.0,0.0
865,51.0,512.0,1020.0,2.0,0.0
866,52.0,0.0,1020.0,2.0,0.0
867,68.0,512.0,510.0,1.0,0.0
868,66.0,1024.0,510.0,1.0,0.0
869,68.0,0.0,1020.0,1.0,0.0
870,51.0,256.0,1020.0,2.0,0.0
871,59.0,256.0,270.0,1.0,0.0
872,42.0,0.0,4110.0,4.0,0.0
873,30.0,0.0,4110.0,3.0,0.0
874,52.0,128.0,1020.0,2.0,0.0
875,58.0,128.0,270.0,1.0,0.0
876,59.0,128.0,120.0,1.0,0.0
877,58.0,128.0,120.0,1.0,0.0
878,59.0,128.0,120.0,1.0,0.0
879,58.0,0.0,120.0,1.0,0.0
880,59.0,128.0,120.0,1.0,0.0
881,54.0,128.0,510.0,2.0,0.0
882,58.0,128.0,120.0,1.0,0.0
883,59.0,128.0,120.0,1.0,0.0
884,58.0,0.0,120.0,1.0,0.0
885,59.0,128.0,120.0,1.0,0.0
886,56.0,0.0,510.0,2.0,0.0
887,58.0,128.0,120.0,1.0,0.0
888,59.0,128.0,120.0,1.0,0.0
889,58.0,128.0,120.0,1.0,0.0
890,54.0,128.0,1020.0,2.0,0.0
891,59.0,128.0,120.0,1.0,0.0
892,58.0,128.0,120.0,1.0,0.0
893,59.0,128.0,120.0,1.0,0.0
894,58.0,128.0,120.0,1.0,0.0
895,59.0,128.0,120.0,1.0,0.0
896,58.0,128.0,120.0,1.0,0.0
897,59.0,128.0,120.0,1.0,0.0
898,58.0,0.0,120.0,1.0,0.0
899,59.0,128.0,120.0,1.0,0.0
900,52.0,1024.0,1020.0,2.0,0.0
901,58.0,128.0,120.0,1.0,0.0
902,59.0,128.0,120.0,1.0,0.0
903,58.0,128.0,120.0,1.0,0.0
904,59.0,128.0,120.0,1.0,0.0
905,58.0,128.0,120.0,1.0,0.0
906,56.0,128.0,120.0,1.0,0.0
907,58.0,0.0,120.0,1.0,0.0
908,51.0,1024.0,1020.0,2.0,0.0
909,44.0,0.0,2040.0,4.0,0.0
910,32.0,1024.0,2040.0,3.0,0.0
911,59.0,0.0,2040.0,1.0,0.0
912,47.0,0.0,1020.0,2.0,0.0
913,40.0,0.0,4110.0,4.0,0.0
914,52.0,1024.0,1020.0,2.0,0.0
915,28.0,0.0,4110.0,3.0,0.0
916,51.0,0.0,1020.0,2.0,0.0
917,59.0,1024.0,1020.0,1.0,0.0
918,52.0,0.0,1020.0,2.0,0.0
919,61.0,512.0,1020.0,1.0,0.0
920,49.0,1024.0,1020.0,2.0,0.0
921,64.0,512.0,510.0,1.0,0.0
922,63.0,0.0,510.0,1.0,0.0
923,64.0,0.0,1020.0,1.0,0.0
924,42.0,1024.0,2040.0,4.0,0.0
925,30.0,0.0,2040.0,3.0,0.0
926,54.0,1024.0,1020.0,2.0,0.0
927,64.0,0.0,2040.0,1.0,0.0
928,42.0,0.0,1020.0,2.0,0.0
929,47.0,512.0,1020.0,2.0,0.0
930,23.0,512.0,8190.0,3.0,0.0
931,35.0,0.0,8190.0,4.0,0.0
932,63.0,512.0,510.0,1.0,0.0
933,59.0,512.0,1020.0,2.0,0.0
934,61.0,0.0,510.0,1.0,0.0
935,57.0,0.0,1020.0,2.0,0.0
936,63.0,512.0,510.0,1.0,0.0
937,64.0,512.0,510.0,1.0,0.0
938,63.0,512.0,510.0,1.0,0.0
939,56.0,256.0,1020.0,2.0,0.0
940,64.0,0.0,510.0,1.0,0.0
941,66.0,256.0,270.0,1.0,0.0
942,54.0,0.0,1020.0,2.0,0.0
943,64.0,128.0,270.0,1.0,0.0
944,66.0,128.0,120.0,1.0,0.0
945,64.0,128.0,120.0,1.0,0.0
946,66.0,128.0,120.0,1.0,0.0
947,64.0,128.0,120.0,1.0,0.0
948,52.0,512.0,1020.0,2.0,0.0
949,66.0,128.0,120.0,1.0,0.0
950,64.0,128.0,120.0,1.0,0.0
951,66.0,128.0,120.0,1.0,0.0
952,64.0,256.0,120.0,1.0,0.0
953,63.0,256.0,270.0,1.0,0.0
954,64.0,0.0,270.0,1.0,0.0
955,51.0,512.0,1020.0,2.0,0.0
956,66.0,512.0,510.0,1.0,0.0
957,69.0,0.0,510.0,1.0,0.0
958,47.0,0.0,1020.0,2.0,0.0
959,68.0,512.0,510.0,1.0,0.0
960,66.0,0.0,510.0,1.0,0.0
961,64.0,512.0,510.0,1.0,0.0
962,32.0,0.0,2040.0,3.0,0.0
963,71.0,0.0,2040.0,0.0,0.0
964,44.0,0.0,1020.0,2.0,0.0
965,44.0,0.0,2040.0,4.0,0.0
966,63.0,512.0,510.0,1.0,0.0
967,61.0,512.0,510.0,1.0,0.0
968,40.0,0.0,1020.0,2.0,0.0
969,59.0,512.0,510.0,1.0,0.0
970,45.0,0.0,2040.0,4.0,0.0
971,45.0,1024.0,1020.0,2.0,0.0
972,33.0,0.0,2040.0,3.0,0.0
973,73.0,0.0,2040.0,0.0,0.0
974,57.0,512.0,510.0,1.0,0.0
975,56.0,0.0,510.0,1.0,0.0
976,57.0,128.0,1530.0,1.0,0.0
977,42.0,256.0,1020.0,2.0,0.0
978,64.0,256.0,270.0,0.0,0.0
979,35.0,512.0,4110.0,3.0,0.0
980,47.0,0.0,4110.0,4.0,0.0
981,47.0,0.0,1020.0,2.0,0.0
982,63.0,0.0,270.0,0.0,0.0
983,64.0,128.0,120.0,0.0,0.0
984,61.0,128.0,510.0,1.0,0.0
985,63.0,128.0,120.0,0.0,0.0
986,64.0,128.0,120.0,0.0,0.0
987,63.0,0.0,120.0,0.0,0.0
988,45.0,128.0,1020.0,2.0,0.0
989,66.0,0.0,510.0,1.0,0.0
990,64.0,128.0,120.0,0.0,0.0
991,63.0,128.0,120.0,0.0,0.0
992,64.0,128.0,120.0,0.0,0.0
993,63.0,128.0,120.0,0.0,0.0
994,64.0,0.0,510.0,1.0,0.0
995,64.0,128.0,120.0,0.0,0.0
996,63.0,128.0,120.0,0.0,0.0
997,64.0,128.0,120.0,0.0,0.0
998,63.0,0.0,120.0,0.0,0.0
999,64.0,128.0,120.0,0.0,0.0
1000,47.0,0.0,1020.0,2.0,0.0
1001,63.0,0.0,510.0,1.0,0.0
1002,63.0,128.0,120.0,0.0,0.0
1003,64.0,128.0,120.0,0.0,0.0
1004,63.0,128.0,120.0,0.0,0.0
1005,64.0,128.0,120.0,0.0,0.0
1006,61.0,0.0,510.0,1.0,0.0
1007,63.0,128.0,120.0,0.0,0.0
1008,64.0,128.0,120.0,0.0,0.0
1009,63.0,128.0,120.0,0.0,0.0
1010,64.0,128.0,120.0,0.0,0.0
1011,59.0,128.0,510.0,1.0,0.0
1012,44.0,0.0,1020.0,2.0,0.0
1013,63.0,128.0,120.0,0.0,0.0
1014,64.0,128.0,120.0,0.0,0.0
1015,63.0,0.0,120.0,0.0,0.0
1016,64.0,128.0,120.0,0.0,0.0
1017,57.0,0.0,510.0,1.0,0.0
1018,63.0,128.0,120.0,0.0,0.0
1019,61.0,128.0,120.0,0.0,0.0
1020,63.0,0.0,120.0,0.0,0.0
1021,64.0,512.0,2040.0,0.0,0.0
1022,49.0,0.0,1020.0,2.0,0.0
1023,37.0,0.0,2040.0,3.0,0.0
1024,49.0,0.0,2040.0,4.0,0.0
1025,56.0,512.0,510.0,1.0,0.0
1026,54.0,1024.0,510.0,1.0,0.0
1027,47.0,0.0,1020.0,2.0,0.0
1028,56.0,512.0,1530.0,1.0,0.0
1029,45.0,512.0,1020.0,2.0,0.0
1030,33.0,0.0,4110.0,3.0,0.0
1031,45.0,0.0,4110.0,4.0,0.0
1032,59.0,0.0,510.0,1.0,0.0
1033,44.0,512.0,1020.0,2.0,0.0
1034,64.0,0.0,1020.0,0.0,0.0
1035,64.0,512.0,510.0,1.0,0.0
1036,63.0,0.0,510.0,1.0,0.0
1037,45.0,512.0,1020.0,2.0,0.0
1038,61.0,512.0,510.0,1.0,0.0
1039,66.0,0.0,1020.0,0.0,0.0
1040,59.0,0.0,510.0,1.0,0.0
1041,57.0,0.0,510.0,1.0,0.0
1042,42.0,0.0,1020.0,2.0,0.0
1043,69.0,256.0,510.0,0.0,0.0
1044,68.0,0.0,510.0,0.0,0.0
1045,59.0,256.0,270.0,1.0,0.0
1046,61.0,512.0,270.0,1.0,0.0
1047,47.0,512.0,1020.0,2.0,0.0
1048,69.0,0.0,1020.0,0.0,0.0
1049,35.0,0.0,2040.0,3.0,0.0
1050,47.0,0.0,2040.0,4.0,0.0
1051,54.0,512.0,510.0,1.0,0.0
1052,57.0,0.0,510.0,1.0,0.0
1053,69.0,0.0,2040.0,0.0,0.0
1054,64.0,512.0,510.0,1.0,0.0
1055,35.0,0.0,1020.0,2.0,0.0
1056,63.0,1024.0,510.0,1.0,0.0
1057,40.0,1024.0,2040.0,4.0,0.0
1058,40.0,512.0,1020.0,2.0,0.0
1059,64.0,512.0,12810.0,1.0,0.0
1060,28.0,0.0,2040.0,3.0,0.0
1061,68.0,512.0,510.0,0.0,0.0
1062,47.0,0.0,1020.0,2.0,0.0
1063,66.0,0.0,510.0,0.0,0.0
1064,68.0,0.0,1020.0,0.0,0.0
1065,52.0,512.0,1020.0,2.0,0.0
1066,40.0,1024.0,2040.0,3.0,0.0
1067,52.0,0.0,2040.0,4.0,0.0
1068,54.0,0.0,1020.0,2.0,0.0
1069,71.0,512.0,510.0,0.0,0.0
1070,69.0,0.0,510.0,0.0,0.0
1071,38.0,0.0,2040.0,3.0,0.0
1072,52.0,0.0,1020.0,2.0,0.0
1073,50.0,0.0,2040.0,4.0,0.0
1074,71.0,1024.0,15.0,0.0,0.0
1075,50.0,1024.0,1020.0,2.0,0.0
1076,37.0,0.0,2040.0,3.0,0.0
1077,49.0,0.0,2040.0,4.0,0.0
1078,49.0,512.0,1020.0,2.0,0.0
1079,50.0,1024.0,1020.0,2.0,0.0
1080,69.0,512.0,510.0,0.0,0.0
1081,68.0,0.0,510.0,0.0,0.0
1082,69.0,0.0,1020.0,0.0,0.0
1083,35.0,0.0,2040.0,3.0,0.0
1084,49.0,512.0,1020.0,2.0,0.0
1085,47.0,1024.0,2040.0,4.0,0.0
1086,73.0,512.0,510.0,0.0,0.0
1087,47.0,0.0,1020.0,2.0,0.0
1088,71.0,0.0,510.0,0.0,0.0
1089,45.0,0.0,1020.0,2.0,0.0
1090,33.0,0.0,2040.0,3.0,0.0
1091,45.0,0.0,2040.0,4.0,0.0
1092,73.0,512.0,1020.0,0.0,0.0
1093,49.0,512.0,1020.0,2.0,0.0
1094,71.0,512.0,510.0,0.0,0.0
1095,69.0,0.0,510.0,0.0,0.0
1096,71.0,512.0,1530.0,0.0,0.0
1097,32.0,0.0,1020.0,3.0,0.0
1098,44.0,0.0,1020.0,2.0,0.0
1099,44.0,512.0,1020.0,4.0,0.0
1100,68.0,0.0,510.0,1.0,0.0
1101,33.0,0.0,1020.0,3.0,0.0
1102,66.0,0.0,510.0,1.0,0.0
1103,45.0,1024.0,1020.0,2.0,0.0
1104,45.0,0.0,1020.0,4.0,0.0
1105,64.0,0.0,510.0,1.0,0.0
1106,73.0,0.0,510.0,0.0,0.0
1107,47.0,256.0,2040.0,4.0,0.0
1108,68.0,0.0,2040.0,0.0,0.0
1109,35.0,0.0,2040.0,3.0,0.0
1110,64.0,0.0,2040.0,1.0,0.0
1111,47.0,1024.0,1020.0,2.0,0.0
1112,45.0,0.0,1020.0,2.0,0.0
1113,64.0,256.0,270.0,1.0,0.0
1114,23.0,512.0,2040.0,3.0,0.0
1115,47.0,0.0,1020.0,2.0,0.0
1116,68.0,0.0,270.0,0.0,0.0
1117,35.0,0.0,2040.0,4.0,0.0
1118,66.0,0.0,270.0,0.0,0.0
1119,63.0,128.0,270.0,1.0,0.0
1120,64.0,0.0,120.0,1.0,0.0
1121,68.0,128.0,120.0,0.0,0.0
1122,63.0,128.0,120.0,1.0,0.0
1123,66.0,0.0,120.0,0.0,0.0
1124,68.0,128.0,120.0,0.0,0.0
1125,64.0,0.0,120.0,1.0,0.0
1126,63.0,0.0,120.0,1.0,0.0
1127,66.0,128.0,120.0,0.0,0.0
1128,35.0,0.0,1020.0,2.0,0.0
1129,64.0,128.0,120.0,1.0,0.0
1130,68.0,0.0,120.0,0.0,0.0
1131,63.0,128.0,120.0,1.0,0.0
1132,66.0,0.0,120.0,0.0,0.0
1133,64.0,0.0,120.0,1.0,0.0
1134,68.0,128.0,120.0,0.0,0.0
1135,63.0,0.0,120.0,1.0,0.0
1136,66.0,512.0,120.0,0.0,0.0
1137,64.0,0.0,15.0,0.0,0.0
1138,40.0,0.0,2040.0,2.0,0.0
1139,40.0,0.0,2040.0,4.0,0.0
1140,64.0,0.0,15.0,1.0,0.0
1141,28.0,0.0,2040.0,3.0,0.0
1142,59.0,512.0,510.0,0.0,0.0
1143,59.0,0.0,1020.0,1.0,0.0
1144,68.0,512.0,510.0,0.0,0.0
1145,66.0,512.0,510.0,0.0,0.0
1146,61.0,0.0,1020.0,1.0,0.0
1147,40.0,0.0,2040.0,3.0,0.0
1148,52.0,512.0,2040.0,4.0,0.0
1149,52.0,0.0,2040.0,2.0,0.0
1150,64.0,512.0,510.0,0.0,0.0
1151,63.0,512.0,510.0,0.0,0.0
1152,61.0,512.0,510.0,0.0,0.0
1153,64.0,0.0,510.0,1.0,0.0
1154,59.0,0.0,510.0,0.0,0.0
1155,63.0,0.0,510.0,1.0,0.0
1156,58.0,512.0,510.0,0.0,0.0
1157,44.0,256.0,2040.0,3.0,0.0
1158,56.0,0.0,2040.0,4.0,0.0
1159,56.0,0.0,2040.0,2.0,0.0
1160,59.0,0.0,510.0,0.0,0.0
1161,58.0,512.0,510.0,0.0,0.0
1162,64.0,512.0,15.0,1.0,0.0
1163,59.0,0.0,510.0,0.0,0.0
1164,65.0,0.0,510.0,1.0,0.0
1165,47.0,0.0,270.0,4.0,0.0
1166,47.0,256.0,270.0,2.0,0.0
1167,35.0,0.0,270.0,3.0,0.0
1168,61.0,0.0,1020.0,0.0,0.0
1169,46.0,0.0,270.0,4.0,0.0
1170,34.0,128.0,270.0,3.0,0.0
1171,46.0,0.0,270.0,2.0,0.0
1172,68.0,0.0,510.0,1.0,0.0
1173,47.0,0.0,120.0,4.0,0.0
1174,35.0,0.0,120.0,3.0,0.0
1175,47.0,128.0,120.0,2.0,0.0
1176,46.0,128.0,120.0,4.0,0.0
1177,46.0,0.0,120.0,2.0,0.0
1178,34.0,0.0,120.0,3.0,0.0
1179,47.0,0.0,120.0,2.0,0.0
1180,35.0,0.0,120.0,3.0,0.0
1181,47.0,128.0,120.0,4.0,0.0
1182,34.0,128.0,120.0,3.0,0.0
1183,46.0,0.0,120.0,4.0,0.0
1184,46.0,0.0,120.0,2.0,0.0
1185,47.0,0.0,120.0,2.0,0.0
1186,47.0,128.0,120.0,4.0,0.0
1187,61.0,0.0,1020.0,0.0,0.0
1188,35.0,0.0,120.0,3.0,0.0
1189,66.0,128.0,510.0,1.0,0.0
1190,46.0,128.0,120.0,2.0,0.0
1191,34.0,0.0,120.0,3.0,0.0
1192,46.0,0.0,120.0,4.0,0.0
1193,35.0,128.0,120.0,3.0,0.0
1194,47.0,0.0,120.0,2.0,0.0
1195,47.0,0.0,120.0,4.0,0.0
1196,46.0,0.0,120.0,4.0,0.0
1197,34.0,0.0,120.0,3.0,0.0
1198,46.0,0.0,120.0,2.0,0.0
1199,64.0,0.0,510.0,1.0,0.0
1200,47.0,0.0,120.0,4.0,0.0
1201,35.0,0.0,120.0,3.0,0.0
1202,47.0,128.0,120.0,2.0,0.0
1203,46.0,0.0,120.0,2.0,0.0
1204,34.0,0.0,120.0,3.0,0.0
1205,46.0,128.0,120.0,4.0,0.0
1206,47.0,0.0,120.0,4.0,0.0
1207,47.0,0.0,120.0,2.0,0.0
1208,35.0,128.0,120.0,3.0,0.0
1209,34.0,0.0,120.0,3.0,0.0
1210,46.0,0.0,120.0,4.0,0.0
1211,46.0,128.0,120.0,2.0,0.0
1212,35.0,0.0,120.0,3.0,0.0
1213,47.0,0.0,120.0,4.0,0.0
1214,63.0,0.0,510.0,1.0,0.0
1215,63.0,0.0,1020.0,0.0,0.0
1216,47.0,128.0,120.0,2.0,0.0
1217,46.0,0.0,120.0,2.0,0.0
1218,34.0,128.0,120.0,3.0,0.0
1219,46.0,0.0,120.0,4.0,0.0
1220,47.0,0.0,120.0,2.0,0.0
1221,47.0,128.0,120.0,4.0,0.0
1222,35.0,0.0,120.0,3.0,0.0
1223,46.0,0.0,120.0,2.0,0.0
1224,34.0,128.0,120.0,3.0,0.0
1225,46.0,0.0,120.0,4.0,0.0
1226,35.0,0.0,120.0,3.0,0.0
1227,47.0,128.0,120.0,4.0,0.0
1228,61.0,0.0,510.0,1.0,0.0
1229,47.0,0.0,120.0,2.0,0.0
1230,34.0,128.0,120.0,3.0,0.0
1231,46.0,0.0,120.0,4.0,0.0
1232,46.0,0.0,120.0,2.0,0.0
1233,47.0,0.0,120.0,4.0,0.0
1234,47.0,128.0,120.0,2.0,0.0
1235,35.0,0.0,120.0,3.0,0.0
1236,46.0,128.0,120.0,4.0,0.0
1237,46.0,0.0,120.0,2.0,0.0
1238,34.0,0.0,120.0,3.0,0.0
1239,60.0,0.0,510.0,1.0,0.0
1240,66.0,0.0,510.0,0.0,0.0
1241,47.0,0.0,120.0,4.0,0.0
1242,35.0,128.0,120.0,3.0,0.0
1243,47.0,0.0,120.0,2.0,0.0
1244,46.0,0.0,120.0,2.0,0.0
1245,46.0,0.0,120.0,4.0,0.0
1246,34.0,128.0,120.0,3.0,0.0
1247,47.0,0.0,120.0,4.0,0.0
1248,35.0,0.0,120.0,3.0,0.0
1249,47.0,128.0,120.0,2.0,0.0
1250,46.0,128.0,120.0,2.0,0.0
1251,34.0,0.0,120.0,3.0,0.0
1252,46.0,0.0,120.0,4.0,0.0
1253,63.0,0.0,270.0,1.0,0.0
1254,47.0,0.0,120.0,4.0,0.0
1255,64.0,0.0,510.0,0.0,0.0
1256,35.0,0.0,120.0,3.0,0.0
1257,47.0,128.0,120.0,2.0,0.0
1258,46.0,0.0,120.0,4.0,0.0
1259,46.0,0.0,120.0,2.0,0.0
1260,34.0,128.0,120.0,3.0,0.0
1261,44.0,128.0,120.0,2.0,0.0
1262,44.0,0.0,120.0,4.0,0.0
1263,61.0,0.0,270.0,1.0,0.0
1264,32.0,0.0,120.0,3.0,0.0
1265,46.0,0.0,120.0,4.0,0.0
1266,34.0,0.0,120.0,3.0,0.0
1267,46.0,512.0,120.0,2.0,0.0
1268,63.0,512.0,510.0,1.0,0.0
1269,36.0,0.0,2040.0,3.0,0.0
1270,48.0,0.0,2040.0,4.0,0.0
1271,48.0,0.0,2040.0,2.0,0.0
1272,66.0,0.0,510.0,1.0,0.0
1273,66.0,512.0,15.0,0.0,0.0
1274,64.0,512.0,510.0,1.0,0.0
1275,63.0,512.0,510.0,1.0,0.0
1276,68.0,0.0,1020.0,1.0,0.0
1277,56.0,512.0,510.0,0.0,0.0
1278,56.0,0.0,1020.0,1.0,0.0
1279,64.0,512.0,510.0,0.0,0.0
1280,63.0,512.0,510.0,0.0,0.0
1281,49.0,0.0,2040.0,2.0,0.0
1282,58.0,512.0,1020.0,1.0,0.0
1283,37.0,0.0,2040.0,3.0,0.0
1284,61.0,512.0,510.0,0.0,0.0
1285,49.0,512.0,2040.0,4.0,0.0
1286,59.0,0.0,510.0,0.0,0.0
1287,58.0,0.0,510.0,0.0,0.0
1288,61.0,512.0,510.0,1.0,0.0
1289,59.0,0.0,510.0,1.0,0.0
1290,56.0,0.0,510.0,0.0,0.0
1291,61.0,512.0,1020.0,1.0,0.0
1292,40.0,0.0,2040.0,3.0,0.0
1293,52.0,0.0,2040.0,2.0,0.0
1294,52.0,256.0,2040.0,4.0,0.0
1295,55.0,512.0,510.0,0.0,0.0
1296,56.0,0.0,510.0,0.0,0.0
1297,61.0,0.0,1530.0,1.0,0.0
1298,55.0,512.0,510.0,0.0,0.0
1299,56.0,0.0,510.0,0.0,0.0
1300,44.0,256.0,270.0,4.0,0.0
1301,58.0,0.0,1530.0,0.0,0.0
1302,44.0,0.0,270.0,2.0,0.0
1303,32.0,0.0,270.0,3.0,0.0
1304,31.0,0.0,270.0,3.0,0.0
1305,43.0,0.0,270.0,2.0,0.0
1306,43.0,128.0,270.0,4.0,0.0
1307,44.0,128.0,120.0,4.0,0.0
1308,32.0,0.0,120.0,3.0,0.0
1309,64.0,0.0,510.0,1.0,0.0
1310,44.0,0.0,120.0,2.0,0.0
1311,43.0,128.0,120.0,2.0,0.0
1312,31.0,0.0,120.0,3.0,0.0
1313,43.0,0.0,120.0,4.0,0.0
1314,44.0,0.0,120.0,4.0,0.0
1315,32.0,128.0,120.0,3.0,0.0
1316,44.0,0.0,120.0,2.0,0.0
1317,43.0,0.0,120.0,4.0,0.0
1318,43.0,128.0,120.0,2.0,0.0
1319,31.0,0.0,120.0,3.0,0.0
1320,44.0,0.0,120.0,2.0,0.0
1321,63.0,0.0,510.0,1.0,0.0
1322,32.0,0.0,120.0,3.0,0.0
1323,44.0,128.0,120.0,4.0,0.0
1324,31.0,0.0,120.0,3.0,0.0
1325,43.0,128.0,120.0,2.0,0.0
1326,43.0,0.0,120.0,4.0,0.0
1327,44.0,0.0,120.0,4.0,0.0
1328,32.0,128.0,120.0,3.0,0.0
1329,44.0,0.0,120.0,2.0,0.0
1330,43.0,128.0,120.0,4.0,0.0
1331,43.0,0.0,120.0,2.0,0.0
1332,31.0,0.0,120.0,3.0,0.0
1333,64.0,0.0,510.0,0.0,0.0
1334,32.0,0.0,120.0,3.0,0.0
1335,61.0,0.0,510.0,1.0,0.0
1336,44.0,128.0,120.0,2.0,0.0
1337,44.0,0.0,120.0,4.0,0.0
1338,43.0,128.0,120.0,2.0,0.0
1339,43.0,0.0,120.0,4.0,0.0
1340,31.0,0.0,120.0,3.0,0.0
1341,44.0,0.0,120.0,4.0,0.0
1342,32.0,128.0,120.0,3.0,0.0
1343,44.0,0.0,120.0,2.0,0.0
1344,43.0,128.0,120.0,4.0,0.0
1345,43.0,0.0,120.0,2.0,0.0
1346,31.0,0.0,120.0,3.0,0.0
1347,59.0,0.0,510.0,1.0,0.0
1348,63.0,128.0,510.0,0.0,0.0
1349,32.0,128.0,120.0,3.0,0.0
1350,44.0,0.0,120.0,4.0,0.0
1351,44.0,0.0,120.0,2.0,0.0
1352,43.0,0.0,120.0,2.0,0.0
1353,31.0,128.0,120.0,3.0,0.0
1354,43.0,0.0,120.0,4.0,0.0
1355,44.0,0.0,120.0,4.0,0.0
1356,32.0,128.0,120.0,3.0,0.0
1357,44.0,0.0,120.0,2.0,0.0
1358,43.0,0.0,120.0,4.0,0.0
1359,31.0,0.0,120.0,3.0,0.0
1360,43.0,0.0,120.0,2.0,0.0
1361,58.0,0.0,510.0,1.0,0.0
1362,44.0,0.0,120.0,2.0,0.0
1363,32.0,0.0,120.0,3.0,0.0
1364,61.0,0.0,510.0,0.0,0.0
1365,44.0,128.0,120.0,4.0,0.0
1366,31.0,128.0,120.0,3.0,0.0
1367,43.0,0.0,120.0,2.0,0.0
1368,43.0,0.0,120.0,4.0,0.0
1369,44.0,0.0,120.0,4.0,0.0
1370,44.0,0.0,120.0,2.0,0.0
1371,32.0,128.0,120.0,3.0,0.0
1372,43.0,128.0,120.0,2.0,0.0
1373,43.0,0.0,120.0,4.0,0.0
1374,31.0,0.0,120.0,3.0,0.0
1375,32.0,128.0,120.0,3.0,0.0
1376,44.0,0.0,120.0,4.0,0.0
1377,44.0,0.0,120.0,2.0,0.0
1378,56.0,0.0,510.0,1.0,0.0
1379,59.0,0.0,510.0,0.0,0.0
1380,31.0,0.0,120.0,3.0,0.0
1381,43.0,0.0,120.0,2.0,0.0
1382,43.0,128.0,120.0,4.0,0.0
1383,32.0,0.0,120.0,3.0,0.0
1384,44.0,128.0,120.0,2.0,0.0
1385,44.0,0.0,120.0,4.0,0.0
1386,43.0,0.0,120.0,2.0,0.0
1387,31.0,128.0,120.0,3.0,0.0
1388,43.0,0.0,120.0,4.0,0.0
1389,44.0,0.0,120.0,2.0,0.0
1390,59.0,0.0,270.0,1.0,0.0
1391,58.0,0.0,510.0,0.0,0.0
1392,44.0,128.0,120.0,4.0,0.0
1393,32.0,0.0,120.0,3.0,0.0
1394,43.0,0.0,120.0,2.0,0.0
1395,43.0,0.0,120.0,4.0,0.0
1396,31.0,128.0,120.0,3.0,0.0
1397,58.0,0.0,270.0,1.0,0.0
1398,41.0,0.0,120.0,4.0,0.0
1399,29.0,128.0,120.0,3.0,0.0
1400,41.0,0.0,120.0,2.0,0.0
1401,43.0,0.0,120.0,2.0,0.0
1402,43.0,0.0,120.0,4.0,0.0
1403,31.0,512.0,120.0,3.0,0.0
1404,44.0,512.0,2040.0,2.0,0.0
1405,32.0,0.0,2040.0,3.0,0.0
1406,56.0,0.0,510.0,0.0,0.0
1407,44.0,0.0,2040.0,4.0,0.0
1408,59.0,512.0,510.0,1.0,0.0
1409,55.0,512.0,510.0,0.0,0.0
1410,58.0,0.0,510.0,1.0,0.0
1411,59.0,0.0,2040.0,1.0,0.0
1412,56.0,256.0,510.0,0.0,0.0
1413,59.0,256.0,270.0,0.0,0.0
1414,58.0,0.0,270.0,0.0,0.0
1415,59.0,512.0,510.0,0.0,0.0
1416,63.0,512.0,510.0,0.0,0.0
1417,63.0,512.0,1020.0,1.0,0.0
1418,71.0,512.0,510.0,0.0,0.0
1419,70.0,0.0,510.0,0.0,0.0
1420,68.0,512.0,510.0,0.0,0.0
1421,56.0,0.0,2040.0,2.0,0.0
1422,65.0,0.0,1020.0,1.0,0.0
1423,32.0,0.0,2040.0,3.0,0.0
1424,44.0,0.0,2040.0,4.0,0.0
1425,66.0,512.0,510.0,0.0,0.0
1426,68.0,512.0,510.0,1.0,0.0
1427,65.0,0.0,510.0,0.0,0.0
1428,63.0,512.0,510.0,0.0,0.0
1429,66.0,0.0,510.0,1.0,0.0
1430,68.0,0.0,1020.0,1.0,0.0
1431,62.0,512.0,510.0,0.0,0.0
1432,35.0,256.0,2040.0,3.0,0.0
1433,59.0,0.0,2040.0,2.0,0.0
1434,47.0,0.0,2040.0,4.0,0.0
1435,63.0,512.0,510.0,0.0,0.0
1436,68.0,0.0,1530.0,1.0,0.0
1437,62.0,512.0,510.0,0.0,0.0
1438,63.0,0.0,510.0,0.0,0.0
1439,27.0,0.0,270.0,3.0,0.0
1440,51.0,256.0,270.0,2.0,0.0
1441,65.0,0.0,1530.0,0.0,0.0
1442,39.0,0.0,270.0,4.0,0.0
1443,38.0,0.0,270.0,4.0,0.0
1444,26.0,0.0,270.0,3.0,0.0
1445,50.0,128.0,270.0,2.0,0.0
1446,71.0,0.0,510.0,1.0,0.0
1447,27.0,0.0,120.0,3.0,0.0
1448,39.0,128.0,120.0,4.0,0.0
1449,51.0,0.0,120.0,2.0,0.0
1450,50.0,0.0,120.0,2.0,0.0
1451,38.0,0.0,120.0,4.0,0.0
1452,26.0,128.0,120.0,3.0,0.0
1453,51.0,0.0,120.0,2.0,0.0
1454,39.0,0.0,120.0,4.0,0.0
1455,27.0,128.0,120.0,3.0,0.0
1456,38.0,128.0,120.0,4.0,0.0
1457,50.0,0.0,120.0,2.0,0.0
1458,26.0,0.0,120.0,3.0,0.0
1459,51.0,128.0,120.0,2.0,0.0
1460,27.0,0.0,120.0,3.0,0.0
1461,70.0,0.0,510.0,1.0,0.0
1462,39.0,0.0,120.0,4.0,0.0
1463,26.0,128.0,120.0,3.0,0.0
1464,50.0,0.0,120.0,2.0,0.0
1465,38.0,0.0,120.0,4.0,0.0
1466,51.0,128.0,120.0,2.0,0.0
1467,39.0,0.0,120.0,4.0,0.0
1468,27.0,0.0,120.0,3.0,0.0
1469,38.0,128.0,120.0,4.0,0.0
1470,50.0,0.0,120.0,2.0,0.0
1471,26.0,0.0,120.0,3.0,0.0
1472,68.0,0.0,510.0,1.0,0.0
1473,27.0,0.0,120.0,3.0,0.0
1474,51.0,128.0,120.0,2.0,0.0
1475,39.0,0.0,120.0,4.0,0.0
1476,71.0,128.0,510.0,0.0,0.0
1477,50.0,0.0,120.0,2.0,0.0
1478,26.0,128.0,120.0,3.0,0.0
1479,38.0,0.0,120.0,4.0,0.0
1480,39.0,0.0,120.0,4.0,0.0
1481,51.0,128.0,120.0,2.0,0.0
1482,27.0,0.0,120.0,3.0,0.0
1483,38.0,0.0,120.0,4.0,0.0
1484,26.0,0.0,120.0,3.0,0.0
1485,50.0,0.0,120.0,2.0,0.0
1486,66.0,0.0,510.0,1.0,0.0
1487,51.0,0.0,120.0,2.0,0.0
1488,39.0,0.0,120.0,4.0,0.0
1489,27.0,128.0,120.0,3.0,0.0
1490,70.0,0.0,510.0,0.0,0.0
1491,38.0,0.0,120.0,4.0,0.0
1492,50.0,128.0,120.0,2.0,0.0
1493,26.0,0.0,120.0,3.0,0.0
1494,51.0,0.0,120.0,2.0,0.0
1495,39.0,128.0,120.0,4.0,0.0
1496,27.0,0.0,120.0,3.0,0.0
1497,26.0,0.0,120.0,3.0,0.0
1498,50.0,0.0,120.0,2.0,0.0
1499,38.0,128.0,120.0,4.0,0.0
1500,27.0,0.0,120.0,3.0,0.0
1501,65.0,0.0,510.0,1.0,0.0
1502,68.0,128.0,510.0,0.0,0.0
1503,51.0,0.0,120.0,2.0,0.0
1504,39.0,128.0,120.0,4.0,0.0
1505,26.0,0.0,120.0,3.0,0.0
1506,38.0,128.0,120.0,4.0,0.0
1507,50.0,0.0,120.0,2.0,0.0
1508,51.0,128.0,120.0,2.0,0.0
1509,27.0,0.0,120.0,3.0,0.0
1510,39.0,0.0,120.0,4.0,0.0
1511,26.0,0.0,120.0,3.0,0.0
1512,38.0,0.0,120.0,4.0,0.0
1513,50.0,0.0,120.0,2.0,0.0
1514,63.0,0.0,510.0,1.0,0.0
1515,51.0,0.0,120.0,2.0,0.0
1516,39.0,0.0,120.0,4.0,0.0
1517,66.0,0.0,510.0,0.0,0.0
1518,27.0,128.0,120.0,3.0,0.0
1519,50.0,0.0,120.0,2.0,0.0
1520,26.0,128.0,120.0,3.0,0.0
1521,38.0,0.0,120.0,4.0,0.0
1522,27.0,128.0,120.0,3.0,0.0
1523,51.0,0.0,120.0,2.0,0.0
1524,39.0,0.0,120.0,4.0,0.0
1525,50.0,0.0,120.0,2.0,0.0
1526,38.0,128.0,120.0,4.0,0.0
1527,26.0,0.0,120.0,3.0,0.0
1528,65.0,512.0,510.0,0.0,0.0
1529,66.0,0.0,270.0,1.0,0.0
1530,51.0,0.0,120.0,2.0,0.0
1531,27.0,0.0,120.0,3.0,0.0
1532,39.0,128.0,120.0,4.0,0.0
1533,50.0,128.0,120.0,2.0,0.0
1534,26.0,0.0,120.0,3.0,0.0
1535,38.0,0.0,120.0,4.0,0.0
1536,48.0,128.0,120.0,2.0,0.0
1537,24.0,0.0,120.0,3.0,0.0
1538,36.0,0.0,120.0,4.0,0.0
1539,65.0,0.0,270.0,1.0,0.0
1540,50.0,0.0,120.0,2.0,0.0
1541,38.0,0.0,120.0,4.0,0.0
1542,26.0,0.0,120.0,3.0,0.0
1543,39.0,0.0,2040.0,4.0,0.0
1544,51.0,0.0,2040.0,2.0,0.0
1545,63.0,512.0,510.0,0.0,0.0
1546,66.0,0.0,510.0,1.0,0.0
1547,27.0,512.0,2040.0,3.0,0.0
1548,65.0,0.0,510.0,1.0,0.0
1549,62.0,512.0,510.0,0.0,0.0
1550,66.0,512.0,1530.0,1.0,0.0
1551,63.0,256.0,510.0,0.0,0.0
1552,66.0,256.0,270.0,0.0,0.0
1553,65.0,0.0,270.0,0.0,0.0
1554,66.0,0.0,1020.0,0.0,0.0
1555,63.0,512.0,510.0,1.0,0.0
1556,51.0,0.0,1020.0,2.0,0.0
1557,39.0,512.0,1020.0,4.0,0.0
1558,71.0,512.0,1530.0,0.0,0.0
1559,65.0,512.0,510.0,1.0,0.0
1560,27.0,0.0,1020.0,3.0,0.0
1561,66.0,0.0,510.0,1.0,0.0
1562,53.0,0.0,1020.0,2.0,0.0
1563,41.0,512.0,1020.0,4.0,0.0
1564,68.0,0.0,510.0,1.0,0.0
1565,29.0,0.0,1020.0,3.0,0.0
1566,66.0,0.0,510.0,1.0,0.0
1567,73.0,0.0,510.0,0.0,0.0
1568,56.0,0.0,510.0,2.0,0.0
1569,30.0,0.0,1020.0,3.0,0.0
1570,71.0,256.0,510.0,0.0,0.0
1571,42.0,0.0,1020.0,4.0,0.0
1572,68.0,0.0,510.0,1.0,0.0
1573,54.0,0.0,510.0,2.0,0.0
1574,71.0,256.0,270.0,1.0,0.0
1575,70.0,512.0,510.0,0.0,0.0
1576,70.0,0.0,270.0,1.0,0.0
1577,71.0,512.0,510.0,1.0,0.0
1578,44.0,0.0,3060.0,4.0,0.0
1579,32.0,0.0,3060.0,3.0,0.0
1580,56.0,0.0,1020.0,2.0,0.0
1581,68.0,0.0,510.0,0.0,0.0
1582,70.0,512.0,510.0,1.0,0.0
1583,66.0,0.0,510.0,0.0,0.0
1584,56.0,0.0,2040.0,2.0,0.0
1585,65.0,0.0,510.0,0.0,0.0
1586,68.0,256.0,510.0,1.0,0.0
1587,66.0,0.0,270.0,0.0,0.0
1588,70.0,256.0,270.0,1.0,0.0
1589,68.0,256.0,270.0,0.0,0.0
1590,71.0,0.0,270.0,1.0,0.0
1591,66.0,0.0,270.0,1.0,0.0
1592,63.0,256.0,270.0,0.0,0.0
1593,65.0,512.0,780.0,1.0,0.0
1594,62.0,128.0,270.0,0.0,0.0
1595,63.0,128.0,120.0,0.0,0.0
1596,62.0,128.0,120.0,0.0,0.0
1597,63.0,128.0,120.0,0.0,0.0
1598,62.0,0.0,120.0,0.0,0.0
1599,30.0,0.0,510.0,3.0,0.0
1600,70.0,512.0,510.0,1.0,0.0
1601,42.0,0.0,510.0,4.0,0.0
1602,58.0,0.0,1020.0,0.0,0.0
1603,54.0,0.0,510.0,2.0,0.0
1604,41.0,0.0,510.0,4.0,0.0
1605,68.0,0.0,510.0,1.0,0.0
1606,29.0,0.0,510.0,3.0,0.0
1607,53.0,512.0,510.0,2.0,0.0
1608,30.0,512.0,2040.0,3.0,0.0
1609,66.0,0.0,510.0,1.0,0.0
1610,42.0,0.0,2040.0,4.0,0.0
1611,63.0,0.0,1530.0,0.0,0.0
1612,54.0,512.0,510.0,2.0,0.0
1613,65.0,512.0,510.0,1.0,0.0
1614,56.0,0.0,510.0,2.0,0.0
1615,63.0,0.0,510.0,1.0,0.0
1616,54.0,512.0,510.0,2.0,0.0
1617,58.0,0.0,510.0,0.0,0.0
1618,56.0,0.0,510.0,2.0,0.0
1619,61.0,0.0,510.0,1.0,0.0
1620,44.0,0.0,2040.0,4.0,0.0
1621,59.0,0.0,510.0,1.0,0.0
1622,56.0,512.0,510.0,0.0,0.0
1623,32.0,0.0,2040.0,3.0,0.0
1624,56.0,0.0,1530.0,2.0,0.0
1625,54.0,0.0,510.0,0.0,0.0
1626,58.0,256.0,510.0,1.0,0.0
1627,53.0,0.0,510.0,0.0,0.0
1628,63.0,256.0,270.0,1.0,0.0
1629,62.0,256.0,270.0,1.0,0.0
1630,54.0,256.0,270.0,0.0,0.0
1631,63.0,512.0,510.0,1.0,0.0
1632,58.0,0.0,510.0,2.0,0.0
1633,51.0,0.0,270.0,0.0,0.0
1634,46.0,0.0,2040.0,4.0,0.0
1635,58.0,512.0,1020.0,2.0,0.0
1636,58.0,512.0,2040.0,0.0,0.0
1637,34.0,0.0,2040.0,3.0,0.0
1638,62.0,512.0,510.0,1.0,0.0
1639,58.0,0.0,510.0,1.0,0.0
1640,56.0,0.0,1020.0,2.0,0.0
1641,60.0,512.0,510.0,1.0,0.0
1642,62.0,0.0,510.0,1.0,0.0
1643,63.0,512.0,510.0,1.0,0.0
1644,54.0,0.0,1020.0,2.0,0.0
1645,39.0,0.0,2040.0,4.0,0.0
1646,27.0,0.0,2040.0,3.0,0.0
1647,70.0,512.0,2040.0,0.0,0.0
1648,61.0,512.0,510.0,1.0,0.0
1649,59.0,512.0,510.0,1.0,0.0
1650,51.0,0.0,1020.0,2.0,0.0
1651,58.0,0.0,510.0,1.0,0.0
1652,32.0,0.0,2040.0,3.0,0.0
1653,56.0,512.0,510.0,1.0,0.0
1654,71.0,0.0,2040.0,0.0,0.0
1655,56.0,0.0,1020.0,2.0,0.0
1656,44.0,256.0,2040.0,4.0,0.0
1657,55.0,1024.0,510.0,1.0,0.0
1658,53.0,0.0,1020.0,2.0,0.0
1659,56.0,0.0,1530.0,1.0,0.0
1660,63.0,256.0,270.0,0.0,0.0
1661,58.0,0.0,1020.0,2.0,0.0
1662,34.0,512.0,4110.0,3.0,0.0
1663,46.0,0.0,4110.0,4.0,0.0
1664,62.0,128.0,270.0,0.0,0.0
1665,63.0,128.0,120.0,0.0,0.0
1666,59.0,0.0,510.0,1.0,0.0
1667,62.0,128.0,120.0,0.0,0.0
1668,63.0,128.0,120.0,0.0,0.0
1669,62.0,128.0,120.0,0.0,0.0
1670,65.0,128.0,510.0,1.0,0.0
1671,56.0,0.0,1020.0,2.0,0.0
1672,63.0,128.0,120.0,0.0,0.0
1673,62.0,128.0,120.0,0.0,0.0
1674,63.0,128.0,120.0,0.0,0.0
1675,62.0,0.0,120.0,0.0,0.0
1676,63.0,128.0,120.0,0.0,0.0
1677,63.0,128.0,510.0,1.0,0.0
1678,62.0,128.0,120.0,0.0,0.0
1679,63.0,128.0,120.0,0.0,0.0
1680,62.0,0.0,120.0,0.0,0.0
1681,58.0,0.0,1020.0,2.0,0.0
1682,63.0,128.0,120.0,0.0,0.0
1683,62.0,0.0,510.0,1.0,0.0
1684,62.0,128.0,120.0,0.0,0.0
1685,63.0,128.0,120.0,0.0,0.0
1686,62.0,128.0,120.0,0.0,0.0
1687,63.0,128.0,120.0,0.0,0.0
1688,60.0,128.0,510.0,1.0,0.0
1689,62.0,128.0,120.0,0.0,0.0
1690,63.0,128.0,120.0,0.0,0.0
1691,62.0,0.0,120.0,0.0,0.0
1692,54.0,0.0,1020.0,2.0,0.0
1693,63.0,128.0,120.0,0.0,0.0
1694,58.0,128.0,510.0,1.0,0.0
1695,62.0,128.0,120.0,0.0,0.0
1696,63.0,128.0,120.0,0.0,0.0
1697,62.0,0.0,120.0,0.0,0.0
1698,63.0,128.0,120.0,0.0,0.0
1699,56.0,0.0,510.0,1.0,0.0
1700,62.0,128.0,120.0,0.0,0.0
1701,60.0,128.0,120.0,0.0,0.0
1702,62.0,0.0,120.0,0.0,0.0
1703,54.0,512.0,510.0,1.0,0.0
1704,59.0,1024.0,1020.0,2.0,0.0
1705,47.0,0.0,2040.0,4.0,0.0
1706,63.0,0.0,2040.0,0.0,0.0
1707,35.0,0.0,2040.0,3.0,0.0
1708,53.0,0.0,510.0,1.0,0.0
1709,54.0,512.0,1530.0,1.0,0.0
1710,58.0,512.0,1020.0,2.0,0.0
1711,32.0,0.0,4110.0,3.0,0.0
1712,56.0,0.0,1020.0,2.0,0.0
1713,44.0,0.0,4110.0,4.0,0.0
1714,58.0,512.0,510.0,1.0,0.0
1715,54.0,512.0,1020.0,2.0,0.0
1716,63.0,512.0,510.0,1.0,0.0
1717,63.0,0.0,1020.0,0.0,0.0
1718,61.0,0.0,510.0,1.0,0.0
1719,65.0,512.0,1020.0,0.0,0.0
1720,59.0,512.0,510.0,1.0,0.0
1721,56.0,0.0,1020.0,2.0,0.0
1722,58.0,0.0,510.0,1.0,0.0
1723,53.0,0.0,1020.0,2.0,0.0
1724,56.0,0.0,510.0,1.0,0.0
1725,68.0,256.0,510.0,0.0,0.0
1726,58.0,256.0,270.0,1.0,0.0
1727,66.0,0.0,510.0,0.0,0.0
1728,59.0,512.0,270.0,1.0,0.0
1729,46.0,0.0,2040.0,4.0,0.0
1730,53.0,512.0,510.0,1.0,0.0
1731,34.0,1024.0,2040.0,3.0,0.0
1732,58.0,0.0,1020.0,2.0,0.0
1733,56.0,0.0,510.0,1.0,0.0
1734,46.0,0.0,1020.0,2.0,0.0
1735,68.0,512.0,15.0,0.0,0.0
1736,63.0,512.0,510.0,1.0,0.0
1737,62.0,0.0,510.0,1.0,0.0
1738,51.0,512.0,1020.0,2.0,0.0
1739,63.0,512.0,12810.0,1.0,0.0
1740,27.0,0.0,2040.0,3.0,0.0
1741,39.0,1024.0,2040.0,4.0,0.0
1742,66.0,512.0,510.0,0.0,0.0
1743,46.0,0.0,1020.0,2.0,0.0
1744,65.0,0.0,510.0,0.0,0.0
1745,39.0,0.0,2040.0,3.0,0.0
1746,51.0,512.0,1020.0,2.0,0.0
1747,66.0,0.0,1020.0,0.0,0.0
1748,51.0,0.0,2040.0,4.0,0.0
1749,53.0,0.0,1020.0,2.0,0.0
1750,70.0,512.0,510.0,0.0,0.0
1751,68.0,1024.0,510.0,0.0,0.0
1752,51.0,1024.0,1020.0,2.0,0.0
1753,49.0,1024.0,2040.0,4.0,0.0
1754,37.0,0.0,2040.0,3.0,0.0
1755,70.0,0.0,15.0,0.0,0.0
1756,49.0,0.0,1020.0,2.0,0.0
1757,47.0,0.0,1020.0,2.0,0.0
1758,35.0,0.0,2040.0,3.0,0.0
1759,47.0,1024.0,2040.0,4.0,0.0
1760,49.0,0.0,1020.0,2.0,0.0
1761,68.0,512.0,510.0,0.0,0.0
1762,66.0,0.0,510.0,0.0,0.0
1763,47.0,512.0,1020.0,2.0,0.0
1764,46.0,0.0,2040.0,4.0,0.0
1765,34.0,1024.0,2040.0,3.0,0.0
1766,68.0,0.0,1020.0,0.0,0.0
1767,71.0,512.0,510.0,0.0,0.0
1768,46.0,0.0,1020.0,2.0,0.0
1769,70.0,0.0,510.0,0.0,0.0
1770,44.0,0.0,1020.0,2.0,0.0
1771,32.0,0.0,2040.0,3.0,0.0
1772,71.0,512.0,1020.0,0.0,0.0
1773,44.0,0.0,2040.0,4.0,0.0
1774,47.0,0.0,1020.0,2.0,0.0
1775,70.0,512.0,510.0,0.0,0.0
1776,68.0,512.0,510.0,0.0,0.0
1777,30.0,0.0,1020.0,3.0,0.0
1778,42.0,0.0,1020.0,4.0,0.0
1779,42.0,512.0,1020.0,2.0,0.0
1780,70.0,512.0,1530.0,0.0,0.0
1781,66.0,0.0,510.0,1.0,0.0
1782,65.0,0.0,510.0,1.0,0.0
1783,44.0,0.0,1020.0,4.0,0.0
1784,32.0,0.0,1020.0,3.0,0.0
1785,44.0,0.0,1020.0,2.0,0.0
1786,63.0,0.0,510.0,1.0,0.0
1787,71.0,1024.0,510.0,0.0,0.0
1788,34.0,128.0,2040.0,3.0,0.0
1789,46.0,0.0,2040.0,4.0,0.0
1790,46.0,1024.0,1020.0,2.0,0.0
1791,44.0,0.0,1020.0,2.0,0.0
1792,46.0,0.0,1020.0,2.0,0.0
1793,63.0,0.0,15.0,1.0,0.0
1794,66.0,0.0,15.0,0.0,0.0
1795,32.0,0.0,2040.0,3.0,0.0
1796,44.0,512.0,2040.0,4.0,0.0
1797,65.0,0.0,120.0,0.0,0.0
1798,62.0,128.0,270.0,1.0,0.0
1799,66.0,128.0,120.0,0.0,0.0
1800,65.0,0.0,120.0,0.0,0.0
1801,63.0,128.0,510.0,0.0,0.0
1802,63.0,128.0,120.0,1.0,0.0
1803,62.0,128.0,120.0,1.0,0.0
1804,63.0,128.0,120.0,1.0,0.0
1805,62.0,0.0,120.0,1.0,0.0
1806,63.0,128.0,120.0,1.0,0.0
1807,65.0,0.0,1020.0,0.0,0.0
1808,41.0,0.0,1020.0,2.0,0.0
1809,62.0,128.0,120.0,1.0,0.0
1810,63.0,128.0,120.0,1.0,0.0
1811,62.0,512.0,120.0,1.0,0.0
1812,63.0,0.0,510.0,1.0,0.0
1813,43.0,512.0,510.0,2.0,0.0
1814,61.0,0.0,6150.0,1.0,0.0
1815,63.0,512.0,6150.0,0.0,0.0
1816,43.0,0.0,2040.0,4.0,0.0
1817,31.0,0.0,2040.0,3.0,0.0
1818,41.0,512.0,510.0,2.0,0.0
1819,39.0,512.0,510.0,2.0,0.0
1820,41.0,512.0,510.0,2.0,0.0
1821,43.0,512.0,510.0,2.0,0.0
1822,44.0,512.0,510.0,2.0,0.0
1823,46.0,512.0,510.0,2.0,0.0
1824,47.0,512.0,510.0,2.0,0.0
1825,49.0,512.0,510.0,2.0,0.0
1826,51.0,512.0,510.0,2.0,0.0
1827,52.0,512.0,510.0,2.0,0.0
1828,51.0,0.0,510.0,2.0,0.0
1829,54.0,512.0,510.0,2.0,0.0
1830,60.0,1024.0,6150.0,1.0,0.0
1831,42.0,512.0,2040.0,4.0,0.0
1832,68.0,0.0,6150.0,0.0,0.0
1833,30.0,0.0,2040.0,3.0,0.0
1834,53.0,512.0,510.0,2.0,0.0
1835,51.0,512.0,510.0,2.0,0.0
1836,49.0,0.0,510.0,2.0,0.0
1837,48.0,512.0,510.0,2.0,0.0
1838,46.0,512.0,510.0,2.0,0.0
1839,44.0,512.0,510.0,2.0,0.0
1840,42.0,512.0,510.0,2.0,0.0
1841,41.0,512.0,510.0,2.0,0.0
1842,39.0,512.0,510.0,2.0,0.0
1843,38.0,256.0,510.0,2.0,0.0
1844,41.0,256.0,270.0,2.0,0.0
1845,39.0,0.0,270.0,2.0,0.0
1846,41.0,0.0,1020.0,2.0,0.0
1847,29.0,1024.0,1020.0,3.0,0.0
1848,41.0,0.0,1020.0,4.0,0.0
1849,59.0,0.0,7170.0,1.0,0.0
1850,62.0,1024.0,7170.0,0.0,0.0
1851,34.0,0.0,1020.0,4.0,0.0
1852,34.0,0.0,1020.0,2.0,0.0
1853,22.0,1024.0,1020.0,3.0,0.0
1854,41.0,512.0,1020.0,2.0,0.0
1855,29.0,0.0,1020.0,3.0,0.0
1856,41.0,0.0,1020.0,4.0,0.0
1857,44.0,0.0,510.0,4.0,0.0
1858,32.0,512.0,510.0,3.0,0.0
1859,44.0,0.0,510.0,2.0,0.0
1860,42.0,1024.0,510.0,2.0,0.0
1861,42.0,0.0,510.0,4.0,0.0
1862,30.0,0.0,510.0,3.0,0.0
1863,32.0,0.0,1020.0,3.0,0.0
1864,44.0,1024.0,1020.0,2.0,0.0
1865,44.0,0.0,15.0,4.0,0.0
1866,44.0,0.0,1020.0,2.0,0.0
1867,32.0,0.0,15.0,3.0,0.0
1868,44.0,0.0,2040.0,2.0,0.0
1869,44.0,1024.0,15.0,4.0,0.0
1870,50.0,0.0,1020.0,1.0,0.0
1871,58.0,0.0,1020.0,0.0,0.0
1872,42.0,256.0,270.0,2.0,0.0
1873,51.0,0.0,1020.0,1.0,0.0
1874,60.0,512.0,1020.0,0.0,0.0
1875,42.0,0.0,1020.0,4.0,0.0
1876,30.0,0.0,1020.0,3.0,0.0
1877,44.0,102.0,270.0,2.0,0.0
1878,42.0,102.0,90.0,2.0,0.0
1879,44.0,103.0,90.0,2.0,0.0
1880,42.0,102.0,90.0,2.0,0.0
1881,44.0,103.0,90.0,2.0,0.0
1882,42.0,0.0,90.0,2.0,0.0
1883,29.0,0.0,1020.0,3.0,0.0
1884,41.0,0.0,1020.0,2.0,0.0
1885,63.0,0.0,510.0,0.0,0.0
1886,41.0,0.0,1020.0,4.0,0.0
1887,54.0,512.0,510.0,1.0,0.0
1888,62.0,1024.0,510.0,0.0,0.0
1889,53.0,0.0,510.0,1.0,0.0
1890,27.0,0.0,1020.0,3.0,0.0
1891,39.0,0.0,1020.0,2.0,0.0
1892,54.0,512.0,1020.0,1.0,0.0
1893,39.0,0.0,1020.0,4.0,0.0
1894,29.0,0.0,1020.0,3.0,0.0
1895,41.0,512.0,1020.0,2.0,0.0
1896,63.0,0.0,15.0,0.0,0.0
1897,41.0,0.0,1020.0,4.0,0.0
1898,58.0,512.0,510.0,1.0,0.0
1899,56.0,0.0,510.0,1.0,0.0
1900,30.0,0.0,1020.0,3.0,0.0
1901,58.0,512.0,1530.0,1.0,0.0
1902,42.0,0.0,1020.0,4.0,0.0
1903,42.0,0.0,1020.0,2.0,0.0
1904,66.0,512.0,510.0,0.0,0.0
1905,32.0,0.0,1020.0,3.0,0.0
1906,44.0,0.0,1020.0,2.0,0.0
1907,44.0,0.0,1020.0,4.0,0.0
1908,65.0,0.0,510.0,0.0,0.0
1909,59.0,256.0,510.0,1.0,0.0
1910,63.0,0.0,15.0,0.0,0.0
1911,46.0,0.0,1020.0,2.0,0.0
1912,46.0,0.0,1020.0,4.0,0.0
1913,34.0,0.0,1020.0,3.0,0.0
1914,62.0,128.0,270.0,0.0,0.0
1915,63.0,128.0,120.0,0.0,0.0
1916,62.0,128.0,120.0,0.0,0.0
1917,63.0,128.0,120.0,0.0,0.0
1918,62.0,128.0,120.0,0.0,0.0
1919,44.0,128.0,1020.0,4.0,0.0
1920,63.0,128.0,120.0,0.0,0.0
1921,44.0,0.0,1020.0,2.0,0.0
1922,32.0,0.0,1020.0,3.0,0.0
1923,62.0,128.0,120.0,0.0,0.0
1924,63.0,128.0,120.0,0.0,0.0
1925,62.0,128.0,120.0,0.0,0.0
1926,63.0,128.0,120.0,0.0,0.0
1927,62.0,128.0,120.0,0.0,0.0
1928,63.0,128.0,120.0,0.0,0.0
1929,62.0,0.0,120.0,0.0,0.0
1930,46.0,0.0,1020.0,2.0,0.0
1931,54.0,0.0,15.0,1.0,0.0
1932,63.0,128.0,120.0,0.0,0.0
1933,34.0,128.0,1020.0,3.0,0.0
1934,46.0,0.0,1020.0,4.0,0.0
1935,62.0,0.0,120.0,0.0,0.0
1936,63.0,128.0,120.0,0.0,0.0
1937,53.0,0.0,270.0,1.0,0.0
1938,62.0,128.0,120.0,0.0,0.0
1939,54.0,0.0,120.0,1.0,0.0
1940,63.0,128.0,120.0,0.0,0.0
1941,62.0,128.0,120.0,0.0,0.0
1942,53.0,0.0,120.0,1.0,0.0
1943,54.0,0.0,120.0,1.0,0.0
1944,60.0,128.0,120.0,0.0,0.0
1945,53.0,0.0,120.0,1.0,0.0
1946,62.0,0.0,120.0,0.0,0.0
1947,34.0,0.0,1020.0,2.0,0.0
1948,34.0,0.0,1020.0,4.0,0.0
1949,63.0,0.0,1020.0,0.0,0.0
1950,54.0,128.0,120.0,1.0,0.0
1951,22.0,0.0,1020.0,3.0,0.0
1952,53.0,128.0,120.0,1.0,0.0
1953,54.0,128.0,120.0,1.0,0.0
1954,53.0,128.0,120.0,1.0,0.0
1955,54.0,128.0,120.0,1.0,0.0
1956,53.0,128.0,120.0,1.0,0.0
1957,51.0,128.0,120.0,1.0,0.0
1958,53.0,512.0,120.0,1.0,0.0
1959,39.0,512.0,510.0,2.0,0.0
1960,39.0,0.0,2040.0,4.0,0.0
1961,27.0,0.0,2040.0,3.0,0.0
1962,63.0,512.0,1020.0,0.0,0.0
1963,51.0,0.0,2040.0,1.0,0.0
1964,46.0,0.0,510.0,2.0,0.0
1965,66.0,512.0,1020.0,0.0,0.0
1966,51.0,512.0,510.0,2.0,0.0
1967,49.0,0.0,510.0,2.0,0.0
1968,68.0,512.0,1020.0,0.0,0.0
1969,47.0,512.0,510.0,2.0,0.0
1970,46.0,0.0,510.0,2.0,0.0
1971,63.0,0.0,510.0,1.0,0.0
1972,44.0,512.0,510.0,2.0,0.0
1973,71.0,0.0,510.0,0.0,0.0
1974,43.0,0.0,510.0,2.0,0.0
1975,70.0,0.0,510.0,0.0,0.0
1976,61.0,512.0,510.0,1.0,0.0
1977,71.0,0.0,3060.0,0.0,0.0
1978,32.0,0.0,2040.0,3.0,0.0
1979,44.0,512.0,2040.0,4.0,0.0
1980,59.0,0.0,510.0,1.0,0.0
1981,44.0,512.0,510.0,2.0,0.0
1982,58.0,512.0,510.0,1.0,0.0
1983,42.0,0.0,510.0,2.0,0.0
1984,41.0,0.0,510.0,2.0,0.0
1985,56.0,256.0,510.0,1.0,0.0
1986,42.0,0.0,270.0,2.0,0.0
1987,58.0,256.0,270.0,1.0,0.0
1988,59.0,0.0,270.0,1.0,0.0
1989,44.0,0.0,270.0,2.0,0.0
1990,37.0,512.0,510.0,2.0,0.0
1991,53.0,0.0,2040.0,1.0,0.0
1992,37.0,0.0,2040.0,4.0,0.0
1993,25.0,0.0,2040.0,3.0,0.0
1994,44.0,512.0,510.0,2.0,0.0
1995,65.0,512.0,1020.0,0.0,0.0
1996,49.0,512.0,510.0,2.0,0.0
1997,47.0,0.0,510.0,2.0,0.0
1998,66.0,0.0,1020.0,0.0,0.0
1999,46.0,512.0,510.0,2.0,0.0
2000,44.0,512.0,510.0,2.0,0.0
2001,70.0,0.0,510.0,0.0,0.0
2002,42.0,0.0,510.0,2.0,0.0
2003,61.0,512.0,510.0,1.0,0.0
2004,41.0,0.0,510.0,2.0,0.0
2005,68.0,0.0,510.0,0.0,0.0
2006,59.0,512.0,510.0,1.0,0.0
2007,70.0,512.0,2550.0,0.0,0.0
2008,42.0,512.0,510.0,2.0,0.0
2009,58.0,0.0,510.0,1.0,0.0
2010,56.0,512.0,510.0,1.0,0.0
2011,41.0,0.0,510.0,2.0,0.0
2012,39.0,256.0,510.0,2.0,0.0
2013,54.0,0.0,510.0,1.0,0.0
2014,41.0,256.0,270.0,2.0,0.0
2015,56.0,0.0,270.0,1.0,0.0
2016,58.0,0.0,270.0,1.0,0.0
2017,42.0,512.0,270.0,2.0,0.0
2018,51.0,0.0,1530.0,1.0,0.0
2019,35.0,0.0,2040.0,4.0,0.0
2020,35.0,512.0,2040.0,2.0,0.0
2021,23.0,0.0,2040.0,3.0,0.0
2022,71.0,512.0,510.0,0.0,0.0
2023,70.0,512.0,510.0,0.0,0.0
2024,59.0,0.0,510.0,1.0,0.0
2025,68.0,0.0,510.0,0.0,0.0
2026,58.0,0.0,510.0,1.0,0.0
2027,66.0,512.0,510.0,0.0,0.0
2028,56.0,512.0,510.0,1.0,0.0
2029,65.0,0.0,510.0,0.0,0.0
2030,54.0,0.0,510.0,1.0,0.0
2031,63.0,512.0,510.0,0.0,0.0
2032,53.0,512.0,510.0,1.0,0.0
2033,62.0,0.0,510.0,0.0,0.0
2034,63.0,256.0,510.0,0.0,0.0
2035,35.0,0.0,2040.0,4.0,0.0
2036,23.0,0.0,2040.0,3.0,0.0
2037,54.0,0.0,510.0,1.0,0.0
2038,35.0,512.0,2040.0,2.0,0.0
2039,65.0,256.0,270.0,0.0,0.0
2040,51.0,512.0,510.0,1.0,0.0
2041,66.0,0.0,270.0,0.0,0.0
2042,65.0,256.0,510.0,0.0,0.0
2043,58.0,0.0,510.0,1.0,0.0
2044,56.0,0.0,510.0,1.0,0.0
2045,66.0,256.0,270.0,0.0,0.0
2046,68.0,0.0,270.0,0.0,0.0
2047,58.0,0.0,11250.0,1.0,0.0
2048,22.0,5120.0,11250.0,3.0,0.0
2049,34.0,0.0,11250.0,4.0,0.0
2050,63.0,512.0,510.0,0.0,0.0
2051,34.0,0.0,11250.0,2.0,0.0
2052,62.0,256.0,510.0,0.0,0.0
2053,63.0,256.0,270.0,0.0,0.0
2054,62.0,128.0,270.0,0.0,0.0
2055,63.0,128.0,120.0,0.0,0.0
2056,62.0,128.0,120.0,0.0,0.0
2057,63.0,128.0,120.0,0.0,0.0
2058,62.0,128.0,120.0,0.0,0.0
2059,63.0,128.0,120.0,0.0,0.0
2060,62.0,128.0,120.0,0.0,0.0
2061,63.0,128.0,120.0,0.0,0.0
2062,62.0,128.0,120.0,0.0,0.0
2063,63.0,128.0,120.0,0.0,0.0
2064,62.0,128.0,120.0,0.0,0.0
2065,63.0,128.0,120.0,0.0,0.0
2066,62.0,128.0,120.0,0.0,0.0
2067,63.0,128.0,120.0,0.0,0.0
2068,62.0,128.0,120.0,0.0,0.0
2069,63.0,128.0,120.0,0.0,0.0
2070,62.0,128.0,120.0,0.0,0.0
2071,63.0,128.0,120.0,0.0,0.0
2072,62.0,128.0,120.0,0.0,0.0
2073,63.0,128.0,120.0,0.0,0.0
2074,62.0,102.0,120.0,0.0,0.0
2075,63.0,102.0,90.0,0.0,0.0
2076,62.0,103.0,90.0,0.0,0.0
2077,63.0,102.0,90.0,0.0,0.0
2078,62.0,103.0,90.0,0.0,0.0
2079,63.0,512.0,90.0,0.0,0.0
2080,62.0,512.0,510.0,0.0,0.0
2081,60.0,5632.0,510.0,0.0,0.0
2082,62.0,0.0,5640.0,0.0,0.0
